1.296839028398197
-1.7523003480738524
-0.297387983662476
-0.6827243739953714
-0.08773357686288996
-1.9074890800378759
0.37608714023140166
-0.40256121930814004
-0.7200918181512135
-1.5516059292209294
-1.294622351913696
1.9662725160118621
0.524075624350143
-1.527406907392045
-0.9135411142026912
0.5104232040516297
-1.9444240584479235
0.8387169962124532
-0.3893226537405625
0.3381766642537807
1.4436566456706306
0.9263958768389036
-0.0984516447365138
0.8897786632641438
0.3860845187770696
-1.3267595456822074
-1.1148866219884397
-0.16128028784309612
1.7993934702349348
1.6927004200110218
-1.3312631791736815
0.03516096851083583
0.8366745630569139
0.8143251626057038
1.1500043025012228
-1.1346844239726122
0.08291250161077546
0.12992500532804785
0.1980812141323547
-0.25112784764207463
0.433339023523851
-1.066076232240147
1.9660335448019568
-0.6757572495971282
-1.4135441413456
0.3281104641352357
1.6849383157666291
-0.9983824848164282
-1.5951320071085369
1.241719619481136
-0.3782606256177834
0.7886868471178285
0.07884994661151623
-1.753952205021092
0.19715893910218707
-1.9679110662158426
0.22099550535991197
1.1381371279543546
-1.869261095840808
1.5150523428795286
-0.5453341570071211
1.5740975591641595
-1.2512795060437463
-1.86312305015757
1.821811267091897
0.5026616725655533
0.1629569989560964
1.5274795240638102
1.5355646926464974
-1.4031321072794594
1.8083618260808447
-1.2159673006394098
1.8329998549047946
-0.77779345592803
-1.18393346547998
-0.25687485781601627
-1.9697788690710487
1.0793749765847944
-1.2102510750525575
1.4370959030847885
1.838768250898653
0.002111021679654268
0.8086066380435848
-1.8323973437788834
0.9267556661078697
-1.5023480298744727
-1.1391087957811665
-1.3533671166898325
1.5108858047851172
-0.7637126202257534
-1.815401519451668
-1.0146646707682092
-0.4239926548163626
-0.5295096814695897
1.716076412381002
-0.5429460859479383
-1.491806745458331
0.23447526555488762
-0.7082361091525753
-0.20624832770501111
-1.3388718629016036
0.0027932780089239273
-1.9089468784565535
1.8022273300431633
-1.1645064424235616
-1.1685889131060478
0.31199083889355883
-0.6851123551463281
-1.4182261898775828
1.3679017015805002
0.6447025373318174
-1.4353296572129244
0.08978160631875243
0.13071347567257297
-0.951778367758942
-1.3350477477642886
0.865269318896353
1.7513937256094319
0.336912129291953
-1.9325284656776578
0.13263591223291682
1.7747895849527282
-0.39168171928562234
-1.3188495519521992
0.35395419049488774
0.8362571937634362
0.7110707520029051
-0.1402790933493825
1.8448581301731304
-1.4644599055947887
-1.8501269587837448
0.8094232337152358
0.535748860134341
-1.3316740837398524
0.5914764892603155
-1.923084617640809
1.7708305273388363
-1.6234168102108932
-1.220725225447357
0.033483722015569484
-0.9053796171190407
-1.1654510700045542
-0.43304074037813844
-1.1981006642853957
0.6418333803919922
-0.9729688157203893
-0.318921737150375
1.9783699805717223
1.1075498591865056
1.275018848714411
0.27371648615998545
-1.6677718261887904
-1.5283517208519215
1.4409251866155564
1.8487612831638094
0.29924668043467406
0.018170529863022367
-0.06332983498929368
-1.7693194907032503
-1.4071500320954633
-1.4299694546754722
-0.11959478911734989
-0.464105646958044
-0.25350118279509104
1.7689457431373241
0.6490031025152181
0.5400225213852914
1.9259406820720222
-0.9276810741454602
-1.7336598088950614
-1.2906118118238683
1.396167938896872
-1.375471754217254
-1.8650230369896672
-0.6230919499942815
-0.15619664118106869
0.12412770204297585
-1.0931250072252707
0.1140107519594693
0.5459249001924911
-0.80797484991652
0.7114889465945153
1.2394254883038816
0.32025517659533387
-1.4808462384124006
-1.4057467332050724
1.8721219552210533
1.5859591531711366
-1.5776329665331636
1.5859021444389065
1.6041016990144734
0.46504843360445713
0.5723700869513042
-0.7085230064607901
0.9910503326348512
-0.2265034790719791
-1.6492636272323735
1.6355355629341655
1.4463511661397308
-0.8167433750336532
0.16114078549918665
0.7556112971502964
-1.1625902357046622
1.8429100648555266
-1.628396196035566
1.675997816115201
-1.998474773484347
0.30106949742171274
-0.9990427810892615
1.5278541915984762
1.733799313947464
0.4566060085897301
-1.2711932861938013
-1.2368015815856506
-1.3555916965242738
0.8970398774754469
1.3049624007770317
1.2384585088638964
1.0600040877655479
-1.2221105178285714
-1.004893027509016
0.37189859857668406
-0.3003723132068741
-0.1049858567246531
1.647466204979759
-1.1742785606000292
0.45257806180732807
0.04593199774386303
1.665758607260695
1.2770407629115876
1.2290947422834848
1.7285181350438394
0.7018669632067556
-1.702836561358108
1.780875133630441
0.38909165571038606
0.8755192860196921
0.7094425763105225
-1.964267836710293
0.17809686976399863
1.2278299289323882
-0.802456548376385
1.6959950431222137
1.6361575951446579
-1.8224734960708715
0.19586750784596285
1.8878714088527246
-0.5869976641127113
1.0412670310732044
-1.9862302479298295
-0.415899899689709
-1.8408188247092423
-1.063346246029952
0.31938845680867134
-1.871217246653277
-1.9130106025041758
-0.8865162510388247
-1.4993293469171127
-1.9995518208166438
-1.328139070234851
1.1095909248371698
0.049335611814205205
1.4535471518610557
0.8585839200241407
-1.0715255571975395
-1.6070557141327906
0.04881295843628575
1.210533418639359
0.7078623386838969
-0.7771329289464672
-1.5870008063741152
1.5555680443740303
-1.456502828679942
0.6517047811034518
0.32136802436793355
0.704149119293878
0.3605952967085937
-0.6863750160792685
0.7823544863427507
-1.487957128709227
-0.8822723103881418
-1.6644104624629956
0.2528930466809238
1.6691826121870017
0.2917519993534259
-1.992912475763179
0.8901849104215072
1.3160441992188385
-1.4618472912194447
1.2189650268386871
1.3279099343781628
0.22529055801219977
-0.3022054432127841
1.015979658384917
1.6219419318765618
0.8049619741633247
-1.8998359290012155
1.90397376948337
0.7376818952340787
-0.08566581140026397
0.8155297871457869
-1.2243075772600127
-1.66372618637345
0.4993498072069613
-1.2393213131593792
-0.006977256243434038
1.8950800920962014
1.5944238287960615
0.0012984451852471324
0.09086865713602288
-0.12961993276117312
0.2877638785713441
-1.597057753241347
0.674511707428473
0.36374421894817344
-1.9428619111084333
-0.03506114745881472
1.021185510122954
-1.8431826969291487
0.5505742192275425
-1.5249596535179362
0.9033336388718021
1.9420809492615727
-0.9089835039051666
-0.2796543726038845
0.17476298639474752
1.645810806152741
1.7055963507074599
1.912418522824591
1.0427609606297867
-1.8891145914911136
1.0035768937640692
1.0114336858585395
-1.2059914442710524
-0.7172158327616422
1.2434930678874418
0.9619252679396104
-0.9154649953187883
-0.5304079442304639
0.2761833228004358
-0.7047360168823569
-0.23687045172853738
-0.4117526455917977
1.3021419387021291
-0.03537798474547316
1.984876303495997
0.08162584497791103
-0.08663705403182309
-1.6361163603639737
-1.3147408549000246
0.37653483885047523
1.3921737450742322
1.3009789956434745
-1.530559415872733
1.0160905529832314
-0.11997499149973523
0.22072947300823964
-0.7223952126245949
0.0804414782535825
1.5271290218170126
1.8278806505111596
0.9152612571077583
1.9653664166800966
-1.6065968188389252
-0.3439007054720138
1.8316962104016072
1.6617990249960202
1.5776419514928315
1.6067235073693067
-0.38173733662255405
-1.6222722218946939
-0.35875384245240927
1.8748345673502387
-1.4230558102689401
0.8516356315055482
1.882323392601294
1.8727112610256187
-1.1233171511705087
0.8416579320422377
1.4592231911355995
-0.7951831081754532
-0.20273351146678964
1.2186247210212109
-1.7636841512230252
0.5042868177632771
-1.5464650200384824
-0.9907280010050226
-1.0409683415351196
-1.4261469143151304
-0.016569369738578477
-0.8796023138523248
1.4661347218803154
-1.8304347961734528
0.6452218163826688
1.1627973184852154
-0.7590709937810813
-0.8238771342139404
0.6576735615268627
0.5795489488137768
-1.132133725482161
0.9353357109695293
0.09576270859906089
-1.3861014950163106
-1.222281232192004
1.3546268353159836
1.4250849456629413
1.0025504125168943
0.43617005361256744
-1.6160211223308405
-1.2427398600243955
0.18608218667452814
0.3264662500378579
-0.3095784961132577
-1.781030556165173
-1.9523952874248862
0.9045345937092089
-1.226874780617833
1.9435451702578885
0.5303344101887006
-1.9152056675363145
0.043017417675814684
0.8337235632716893
-0.4070799594142862
-1.5305639625258807
1.1687963067873826
-0.18405843073382666
-0.03207292886548618
-1.2805544652408694
0.5778415102885792
-0.260846757728614
1.6762094547102362
0.8247173275420301
-1.8164737285523995
-1.7126648942432614
1.741768764599855
0.93390161755514
1.3123310600290292
1.1308288265412143
-0.7735629121553496
-0.9224865695850744
0.9293004226361372
-0.376772853138172
1.0019617749004053
1.9281692609187395
-0.5084982664709492
-1.5918185469729336
1.8075689531257941
0.9021497480935441
-0.8046646584774124
0.8783465142016436
-0.6658126181804298
0.36935656701987707
0.7713069841449172
-1.6481196214625933
1.457185305325547
-1.1670083526897153
-1.4343430258224128
-1.6821820315747242
-0.2686923036477471
0.42131707314328937
-1.5253317767408445
1.2008307097896562
-1.7483653480507817
0.8417701780480287
1.170595953836754
-0.5273963183051711
-0.5795532127088641
-1.2836062200861615
1.1608350939774184
-0.6939663352452734
-1.3092655301400384
0.15268635255746865
0.2110879617577015
1.549174770346581
-1.173451258440644
1.7567052438413389
-1.6198273999426522
-0.0487185335292728
-0.47020751652239845
0.7073451665931096
-1.9981378646978647
-1.1469523019914143
-1.3343135091741551
-0.9891447978823669
0.17319039948575332
1.0726337451541217
1.8937747186109193
0.5010065969414637
-1.2773110216542252
1.0702237323359567
0.7879661738914239
-0.23900685223018314
-1.6983344762934722
1.4108259700856691
1.6528176007673796
-1.2686614966450707
1.1943790096362945
1.864675550815321
1.739711164781061
0.9771905128742766
-1.6343789525001418
1.6773632416063147
-0.08517633368211452
-1.2975644976423832
-1.594286680271353
1.9297015694660375
1.8475755511083172
1.3977420301953525
0.04989102864897976
1.426522300258695
1.243632266246912
0.6679704725148423
-0.6321487284979508
0.27854559327249406
-0.34343009733042384
0.5477865344559087
1.1155982448818773
0.27988673465192226
-1.184283234267141
0.06589940026795649
0.6477783781782995
1.2270082701750455
-1.5048488134106313
-1.3823223365625452
-1.6536819982770798
0.6636918521320738
-1.9312655784276713
-1.9356538546808784
-1.586305366332283
0.35099833449479156
1.7795228580727684
1.3693197083371036
0.4620938491148383
-1.1591762627920037
-1.2049158328887453
1.785480060298784
-0.34559089321154834
-0.2666118143728302
0.9500765978181716
0.12242322380830606
-0.5904987037590228
-1.1240283474759587
1.3335860088254492
0.49395730916044167
1.3398125496975055
-1.1916903709327222
-1.01179951317456
-1.3109790461265822
-1.7374225007082646
1.6376842639893354
-1.666385855009385
1.3764661551397235
0.0604650208044899
0.8529865729580828
0.6412646469899617
-0.47430402226585455
-1.9416981067849353
1.6173368080956423
0.22142925643051026
-0.2526229181927331
1.6888210177484249
-1.1098223563732463
-1.2148934848355601
1.5490480623341214
-0.19407727596783797
1.167955192490843
0.9055246472077858
0.6845708838983438
1.0590262231211431
1.6813685982235027
-0.9789267020992414
1.8005683215716708
0.6927490769284761
0.5400205208174214
-0.6686025344551401
1.0561425175741834
-0.9167952663215146
-1.5376124753452314
1.4974038312526896
1.1488327304617458
1.9019422692464967
-0.9370687223411807
1.21780373943934
-0.7703889381635465
-1.0543136414422096
0.8086062704409192
-0.7281926994618937
1.505184169617042
-0.5218545483365689
-0.42144479761265297
0.7866664235252792
-1.9690795732552684
-1.9534673794670856
-0.7668688993344799
-0.08064512141383595
-0.8645473147290721
1.2471426939071724
-1.736765439879028
-0.27223848321917155
-0.44998584423190335
0.18728458202742093
1.102588776066892
-0.7513682917706803
-1.6002131628068899
-1.1107212592962834
1.7670737902319327
-1.5063410569324955
1.0642394306647498
-0.40781585369956685
0.5509630109931654
1.2558113840744185
1.8083122419582973
-0.9345784169443325
1.992997337322279
1.9493515206196097
0.4581437647999804
1.8991904119258383
-1.31002835423247
1.376617973714413
-1.845601734833128
1.2223916611730243
-1.901444055437926
0.4276474430743762
0.6104107126653853
-0.8072684327276929
1.0670597706449247
-1.0040845550817639
1.4030115293211178
-0.3739793776022906
0.683036203441985
-0.7445246541658563
1.910734834853323
-0.2762821614788318
1.8181406683772026
1.392129853434485
1.922561034429287
0.6471348919641144
1.8890178735731364
1.1248441460025353
1.518937956814006
-1.2897689033281137
-1.992386019332729
-1.2635391923252532
1.1248624556911024
-1.2525056640766237
1.970587900327911
1.230584025850325
0.021573293404699267
0.5197416657225071
-0.04189981866148784
-1.551509502670025
1.2586219626082027
1.735643960055731
0.6863916271909676
-1.1513234410291515
0.1037336196437808
-1.2520815267600747
0.9551171640064497
-0.926262931322777
0.7935559343817489
-0.03984929634686196
-1.5085716790459367
0.018522670392982832
-1.902501914234592
-0.6411838426359999
0.9206711047538207
0.2731215660661612
1.6353883783867489
1.1930540830558618
-0.22467882156192864
-0.03814758717942546
1.2339472935372502
-0.8980003485741062
-1.599524696085846
-1.558437270240745
-1.4786706222791306
1.0043715814120984
1.6173805266965657
0.4444530972586973
-1.916470044185595
-1.179080115782611
1.5576486988519784
1.9011049183112685
-0.1525302023782067
0.6553243931717572
1.177231634158006
-0.37187120211075797
-1.7475367563819164
-0.19557841347160432
0.8728837220725083
-1.07269893846015
-1.283659088376178
0.45120614909482937
0.8737769984891028
0.7138050793904207
1.2897573873684922
-1.140876005003315
-1.9384049833145265
0.6442917199787561
-1.5388426382406677
1.845930066296821
1.1605557294482383
0.5842441872601651
1.819828353312746
0.1490022434463496
1.9461966554439214
-0.8293582112269253
1.204454781147164
-1.0311915045131594
1.6028312192783125
-0.7737728301921942
-1.531051777199933
1.9525178305102098
-0.14177424262062477
-1.0652351876934096
-0.41959586573972985
0.29827689959111137
-1.8754941122235609
1.2328574721400924
-1.907182561495412
0.5385456816968119
0.9925422634540122
0.8149626080076597
1.6314870382033564
0.5701588626438223
1.2566887933776116
1.9997538613702277
0.19808175709464582
-1.1999883186957159
0.03826337534213575
-1.9273531698431268
-1.701393879085587
-1.6856409958291745
-1.481803066858983
0.9833636547204212
-1.0129861656760069
-1.6048148498600319
0.6768890994188683
1.7319119224176656
-1.1552089644657122
-1.8898639680401241
-0.9009856388620676
-1.4062330167484625
0.07669061541301714
1.6719309361422243
1.9801723053865912
1.423559137016007
1.7620388242988132
0.2400668377085471
-1.0427480621491294
-0.9707706251580159
0.6411369626100827
0.07206033491570807
1.8419729463797525
-1.3769037340631356
-0.9084457918658635
1.3960562961573992
-0.8894198087414922
-1.9113602333070498
1.8704328873353737
0.9813610522632046
-1.0752373873305454
1.6139159957804954
-1.3000597635117623
0.5474195119071523
-1.8560848771531435
-0.6869544167432071
0.404328134828253
1.066399963813204
0.8328602036952844
-1.257142896020309
1.2850882661472331
0.2096561882874668
1.588057269175534
-1.6285156895496717
-0.16793772633794823
1.8702870267626182
-0.6537954599557114
-1.5394877969416534
-0.5053113129165481
0.1808945872020593
-1.7442457993211762
1.83961306558413
1.9310773639122703
-0.6999830039510426
0.7781829697244667
0.288885596073162
1.370568725455266
1.0325218232067663
0.4739971612599603
-1.9890575074806378
-1.7710380426940695
1.051693764948293
-0.11901160281517154
-1.6756586409722147
1.3990084289056801
0.11417209429208253
0.5621173744015548
1.929150455707835
1.1749963898047118
-0.6861661516505269
-0.792790392751106
1.6593845749929321
1.645479321815928
0.4692652734390821
-0.4348929890310842
-1.7369210964874138
-0.2726445322272486
-1.5620074301916262
-0.2712746506442385
-0.022629359702259766
0.7634615642046918
1.1470178404874445
0.6626474580792574
-0.6065038026869307
1.0369542581228695
-0.15148143315007978
-0.21212080220080143
-0.993274633749397
-0.9592608591958105
0.4315523228148077
-1.8326170334780487
0.8954002592452723
1.0101613856893747
1.803209084027888
1.236502823967744
-1.5300813549575123
1.0185362801018272
0.7011717391372017
0.8651888114672555
-1.5003849239385043
-1.748758805355001
-1.5610949916650587
0.8992667501814138
-1.7444297503001995
-0.9808223741487305
-0.7671292197979409
0.7161594856682427
-1.1926701089567926
-1.7120848613177495
-1.3873729396736314
0.7449612494743705
-0.26671253521524285
0.00602358402930081
-1.7211811699780033
-1.2383410381356947
0.07426273018353458
-1.0835349390651632
-1.8948002205548096
1.3166578782223772
0.6914241358337372
-1.5171482741026119
-1.14243894368505
0.6539233515445075
-1.0590495101523736
-1.5309016060081628
1.1728616166846835
1.0822693011812956
1.5576997406663136
0.8291462514362271
0.2358568153816476
1.9137559765693948
-1.6278840475207228
0.8929468806715168
-0.28111787841200453
0.8367713860555068
0.5416652966557383
1.0986022664801895
-0.02855305039230327
-0.63969288880446
-1.6841893778494286
-0.4601325376725165
1.0061931973740972
0.1795227278155509
0.34633815017392644
1.1779304350800817
0.36970629171096103
-1.3055430091588343
-0.6659010893799651
-1.0625654666864546
-1.5669388443201795
1.3218267831479533
1.4435966385254644
-0.7203513378705497
-0.9499765683835713
-1.5038771561053932
1.4826665998627382
1.1897381403574308
-0.3400128779642193
0.5006939554436096
1.4206585539856271
1.127962320312017
-1.6168408842309607
1.0466233823386402
-1.9430969196278691
-0.5740058488002848
-1.0137994434957158
0.7750863053224237
-1.370929211767932
0.7163936198890082
-0.3450817384302769
1.7956998898160634
-0.0826783838379006
0.7640656634216252
-1.6677785547553432
-0.9588773756082163
0.8479066120076664
1.4997451407409494
-1.8967177923606249
1.893848950404644
1.0793947943269635
0.6205470163504567
-1.3441418683763984
1.1616045680218638
-1.6419974786725056
-0.7472381196612998
0.8278281849403757
-0.1680268018301736
-0.15459729815061385
-0.07138643379894916
1.7805501869450526
-0.6116622968037131
1.2824510619505167
1.5905123482483496
-0.6384259612457517
-0.3222760521175769
0.7532612196004012
-1.5405337299414064
1.5477429685966566
-1.883142213435038
1.2644249557601586
-0.8200568163440201
-0.2431232735321287
-1.2602053356357095
-0.2838060390583643
0.18435607786008523
-0.18262202912683456
-1.3575207766798836
0.23660699162003596
0.2943536412346508
-0.29754675102254957
0.08861038243253949
0.8355415392724321
-0.5342794425657869
-1.7317387643424822
-1.262078456683438
-0.6901762620061009
-1.766298470542476
1.4987200962462697
0.6224292774212326
1.000769741124659
0.20103036243989747
0.3386158984468204
-0.007893005981322698
-1.5347827827943403
0.17054846793360312
-1.797801221239653
-0.8579734997682698
-0.21686898484105122
1.1573688105668856
1.8192164425156503
-0.03280994285681471
-1.296441338362114
-1.9984549417724682
-1.9599451641837442
1.1033030995180488
1.8391044856742318
0.8972088483872476
-1.360131356160755
-0.783928937894875
1.7227680325822803
0.05435862018973037
0.19739637800772103
0.5394617206959018
-0.45253950408101806
1.2377347360000277
0.2292168751177841
-0.20018933778034276
-1.4484083503182115
1.215511148428996
-1.1791065693123595
0.9463541846310917
1.511805028233311
1.828066795672708
0.9880148203868888
1.395176956022428
-0.6368770480723893
1.349800821888985
-0.8739784522460781
-1.8220554095295256
1.1158377774644763
0.4344249376309328
-1.3043360222421527
0.7899773021305121
1.7007155052171785
-1.9190968052094681
1.156962676443368
-1.6218779676249726
-1.010411461874439
-0.40150151236356857
-1.3794477339124431
0.22463462322879657
-0.1268181345481154
-0.8887891047263463
-0.9439878050352455
0.4621189794138236
1.9238515875643194
-1.6588935703004504
0.33564902496937776
1.4903308073200003
1.9420582971822853
-0.6152871510495546
-1.2173489097192114
-1.0559804569194045
1.6132639615231192
-0.21141387603630912
0.12231022270673986
-0.6145728702802731
-0.12234238245270301
1.3503274442966329
0.2704606673703309
-0.7729469154020765
1.167606335225325
-0.24029464760858987
1.8570405466122168
-1.668654651839605
-1.7174314829399249
1.4578051066602087
1.81412905669441
-0.5140181309268157
-0.03618508064577464
1.3237709370086317
-0.5538744401045275
-0.040869264299166375
1.9788817973201915
1.0766756810261806
-1.0014018360071382
1.8300433047565
-0.4599870607188352
-1.0654214748046331
1.0338459847033579
-1.097751108591904
1.3333997919072718
-1.78150477330488
0.25113546257743824
0.07788315018583525
1.64900323800113
0.4410937087857909
0.641361497153687
0.11021516552461019
-0.0384000973742431
-0.5423768783001401
0.8302053418679312
-1.0074964016543015
1.178329099103403
-0.14604825226120077
0.31988212402502203
0.24423438852153057
-1.0197851122295147
0.26957203294355514
-0.3891354608277382
1.8971711802603446
-0.6191239884517632
-0.3581760236982001
1.486963016225355
1.9466523272951264
-1.2867965289555476
1.2387155909921654
-1.054461613983578
-1.293902502690004
1.3630423237532159
-0.9062512941014376
0.2818984215084752
-0.5611865086842704
0.46879691737778284
-0.09644388579691343
-1.3113597683708882
-1.3531450153203606
-0.09207785817881176
-1.1309509853030133
-1.110345744611272
-1.083268308864581
1.10146447951742
0.9938061123009665
1.799128353586851
1.8236195432170907
0.3998912679446027
0.958915045954456
-0.7620690309245259
-1.0524719438578063
-0.35173624942434545
-0.3570264792109059
0.4119870708742397
-0.7690809573013304
1.9096572117704471
-0.2072011379350811
0.7650505733374509
-0.05700960698554747
-0.018627491716420863
1.7958274574111597
-1.7228478294475273
1.9943634237014973
-0.7477371046822499
1.9818234118629774
0.4124514516343796
0.35544648338032214
0.8538767799510656
-1.2177742724909981
-0.9299774608444236
-1.9660987312584477
0.37748197900493885
1.607774963641445
0.12098624124936386
1.6827918347056565
0.3310057291672259
-0.5374053042519753
-0.6260636913248838
0.5553530732646981
1.0557101078352025
1.1451646363445689
0.09655939061116037
-0.41469970703802694
1.447007249437036
1.7004615054164471
-0.19311238666820651
1.0414469696399542
-1.6210844264497792
-1.6108558949077394
-1.0775137897006015
-0.7272464416174231
-0.3211991561335923
-0.5925736227521088
0.6690184846286362
-0.9018699734787532
-0.2705146598206243
-0.6706349621710421
1.4835200205744692
-0.3189736472752478
-1.8766298627964577
-1.1002208379424716
0.09828428385277155
-1.1242433362843065
-0.7108462891902065
1.0163657451827772
-0.37482621616639733
-0.4556754306678519
0.9565799691873882
-0.5695989566416162
1.7784191983028799
1.0229906946917926
0.8860247573694626
-1.865379151635143
-1.249909721517874
-1.8846018026788331
1.4714011769243376
-1.1991892181833905
-1.0751951502774428
-1.8195118807928954
1.7816985770313676
-1.820616539540131
0.1567087579247417
0.17629572849721598
1.5483747855433534
0.07486602467760095
1.554440302060844
0.26298624985104047
-1.5734717291738178
-0.24954844847506275
0.8553505449833998
0.5220598382122921
1.0648105646024382
-1.2456722784481866
1.0134032899778065
0.8702362067055915
1.0357383992615543
0.3355671886838132
-1.6340929024920001
-1.5345972397421006
1.7151608643077183
0.2933762202996091
-1.8258889545606527
0.6799222711598665
1.99347663100392
0.40100517744790265
-1.754928106343114
1.5257507392818406
1.7232317921425695
-0.9845346317428545
-1.8202961100113644
1.5296168054109232
0.8763381672142168
-1.0173174662385538
0.6231507230191173
-0.2924582936821869
-1.1359838815902452
1.0440362861149781
-0.7096296327008131
1.0771787985206953
0.2443357517274567
0.49497687473391183
-0.2545582175455028
-1.972148662186982
-0.2471950261487006
1.3940685965218869
-0.5855531748717944
1.743972292986225
-0.845232697206511
-0.43221758675156563
1.625281299642651
0.04960295490529898
-1.7715757517081152
1.5314682026383868
-1.1795245582703355
0.8108600999589823
0.00036835125263712243
-1.0397969354028316
1.5192839498036808
-0.8831231420658296
-1.515463071112062
1.0230044401830272
-0.47420321705052615
0.45157924783346415
1.0116977394783877
1.9868292547408832
0.06499834546598349
0.31336802309666334
-0.2663533513016878
0.735468026726418
0.12642106814340082
-0.03404884360855931
-1.383418939993009
-0.14030971242010226
0.9140895082178444
-1.372356922817163
0.44505783332237714
-0.5283767172754392
-1.0926269055450115
-1.6158741910129155
0.01369139688764065
0.0730655462603127
-0.7522086478307366
-1.60104910876669
-0.6292350788056948
0.501881984818012
-0.49486243790954143
0.11702511438025542
1.7443515045554325
-1.518210039732931
-0.6107095320967995
0.678606201751037
-1.110476301166487
-0.6983331715754049
0.9270233763119524
0.709550434325859
-0.7362037236040737
1.7477869316469463
1.2391008880217385
0.4755074723175441
-0.14811106190407397
-0.7682213564549962
0.5907525937789186
1.8646376296823965
0.1189146556685623
0.43289063286835505
0.9359627995866502
1.5324678555661309
-0.19724361287463843
0.00545694338224223
1.8388717685269729
1.8199226695378816
1.2084024862705665
-1.043264931066556
0.08404306448427512
0.9593408751990977
0.3515728061451209
-1.4526211357271164
-0.8777463199036797
-1.4585581407877468
0.5760328804195249
-1.9399079776004755
-0.797467242460383
1.4128697028079253
0.20978575327253468
1.6458846825046702
0.2967502538529696
1.0516750552555703
-0.5517235811874999
1.0244291956455975
0.4525023273371165
-0.6565293526855709
-0.8836410277771027
0.9220788991212876
1.1683864370680275
1.2958065718582237
-0.6747521854947287
0.8830946255128338
-1.7334629052545498
1.5344660125671816
0.08094802612452234
-1.954999779804841
0.7789140382977773
0.5987019827380329
-0.19319192677495023
1.1996104526844324
1.4841068843201741
0.5520629535617116
-1.8877698503983429
-1.0873750935642086
-0.26476820093642184
-1.8129723485204448
-1.0419466150409642
0.7534368621049139
1.9452451141880367
-0.8593674468983972
0.26308765764854813
-0.35180793610831884
-0.5256374940526407
0.04429073989356436
0.8727011361392814
-0.2486884554876112
1.542330791239694
0.10512434033001705
-1.9873012141297925
-0.5590007397422556
0.8920225882527801
-1.851835760287246
-1.998627856771078
-1.258801856956477
-1.9880331186339597
0.9215408560289111
-1.8617864941611018
-1.211969078065123
-0.4196177166971933
0.9348349539076963
1.6041300667805536
-1.571004597133593
-0.39695754172387243
1.4603218487408394
-0.004904546117139752
-1.0128530290212385
-1.9782949505307195
-1.3521082714772374
-1.2579767785361837
-1.2845065140108178
1.3668854556758618
1.1359889390457747
-0.35050932381248057
-0.6920981068733054
-1.0288699458363793
0.2158134258662998
-1.5684207615425239
-1.2229858505970688
-0.34066072252290436
1.1763173280826558
1.422714624043067
0.6012700451887514
-0.36796089802507437
0.020710204635789875
1.7111757128246117
-0.9542748151293301
0.5585256817495825
0.8070494139232176
1.546966374297051
-0.48388621816225985
-1.3463626645333626
-0.5619957252200138
0.3482541385478277
-1.1896808042557137
0.47036845121395476
-1.9585661841149826
-0.4946422483579229
-0.7017512046111247
-1.5415141019220768
0.17179516526612248
-0.43705949571004377
-0.2368140041848239
0.5162262881593218
0.8234427858700757
-0.7081049869019438
-0.7201360288234007
1.2541756624259186
1.0268050902991965
1.4303918443734767
-1.3728997534564642
-0.24560101599899076
-1.5836967007117693
0.05217143638826771
-0.9448630167898737
0.6046307197514897
1.800578552904859
0.9138881668291674
-1.650989715798275
1.8819072049295236
0.5060863203016308
0.715969389112836
-0.27503200234566805
1.0875278832251105
0.07239196410386084
-0.5776921911410442
0.4038637001021699
0.17585355814006132
-0.4960506740591102
0.7967596868658959
1.7046238263761584
-0.5677069859619013
0.1321655841283471
-1.5758718732666859
-1.2443263984866921
-1.1946860289216934
-0.964023484087706
1.5130975976762935
0.5249807356275462
1.5645639465254861
1.893242306021102
-0.6862702964917551
-0.0778842621668101
-0.11429863821871145
-0.7416485770268331
-0.34174394592593016
0.6237962428088277
-1.7103124098784495
-0.5069534302826106
-0.0753735572908254
-0.631131294941158
-1.9186409888098295
-0.2359612646918099
-1.1640497929264693
-1.9368114773975686
-1.22473601192323
1.0963029004670704
-1.875137671348388
1.676221694292821
-0.5175628189937544
-0.38815588547129387
1.4334758025161856
-1.09087835583674
1.2534696087876163
-0.1573115976150783
1.5692966190711144
0.7809458911432512
0.8670656262425922
-1.0605812450439576
1.7080891453670195
-1.6669470006358575
0.6585865243119118
1.257954473459944
0.1065316337101847
1.6053428200712974
1.1608431221134956
-0.08593208785607676
-0.2091853535632544
0.48482146899403267
0.042281626554065976
0.4523371249556014
-1.760339322835177
1.7814087815204624
-0.8689553667062326
-1.595623218919394
1.6464397656499892
-1.9165751517360565
0.3189889096540295
-1.501848950977116
-0.12076674715950553
0.7112930136387541
0.9458419296197373
-1.1350458295279053
1.7343411369859232
1.5435178487137202
1.6283874515540329
1.771048946597932
-0.031272786440131206
-1.4436890871433365
0.9144620402465562
0.8014044486920575
-1.7777279261775334
0.7932657654673396
-1.568704778671251
1.2644016225060275
0.2160498057372502
1.560901670706543
0.7441950396462955
-0.646650303429118
-0.1571413299135358
1.8754072845410286
0.30100209246243637
1.840045855184782
-0.3473537426793136
1.3831778604246794
0.19078332576698775
-1.820324857901686
-1.6154868643360007
-1.4295416797272185
-1.1955668083567117
0.03127376786370428
-0.5067740530342899
1.7115648373621695
1.8772498901046686
-0.46996521074809383
0.2656313859992432
1.4738573840330726
0.0863281134523386
1.3147603053873254
-1.0208804518959789
-0.4221593650976394
0.8327869232431118
-1.2552836082562315
-1.9477460044306603
1.3464536887893814
-1.554504356782303
-0.07946354271380596
1.8289861261659306
-1.234099755534924
-1.5622250644583477
-0.9548337597102128
-1.8668590708034305
-0.04330056527787729
-1.7426988449155085
-0.3024304742976014
-1.5792876347688756
-1.9390705415940008
0.33722842241925655
-1.9016934386015714
-1.3227450904869693
0.6919013041715751
-0.16979155041763638
0.5439610390012262
-0.2705373009035261
0.31408260541637345
0.6356869283089095
1.7691260766747217
-0.9629883452444807
0.10595908556244948
-0.32852642851071856
0.21393438997366543
-0.6813516954703434
0.7621341999296893
0.6176478369943763
1.8921767761243191
1.4732107886453818
1.7273084255585935
1.2341544056603544
-0.22816418823790485
0.32343011381773135
-0.022866009723148117
0.026724430575992386
-1.0127496573152506
-1.2662602683916613
1.5833904401174643
0.22437545576072315
-0.46457710540047437
-0.10026920584916921
-1.4794609681993167
-1.5234892227455936
0.0774392188299955
0.5774068684347062
-0.1337042661437624
0.2589841628953047
-1.366489506813024
-0.8211498340682417
-0.8449650063005452
0.3949611577305583
1.7199211189183292
0.2242579633563344
-1.9410478396790118
-0.9098229307967496
-0.8730917650204617
1.1093010916866612
0.6595106894537279
1.8688933634605385
-0.9230643795329816
1.7020667420741282
1.5363923927802428
0.7310322985009368
0.5664429824450417
-0.7609221124210381
1.8182629679576299
-0.25026687566025396
-1.2587138434358605
-1.9473694321159076
1.0572423543429532
1.7449266008208348
-0.9190320090190327
1.1920611412136157
0.9319538303717572
-1.0335591149817756
0.977918553656461
-1.5255891827776011
-0.11271480794985722
1.276032525020108
0.5449098990421959
1.0655520437584092
0.22144590171172762
-1.4050254599467218
1.5038736331956133
-0.3723508843369321
1.6064178655071246
0.5525572242116858
0.3820374431419489
-0.10659361781097809
0.9583429985266472
1.1413961835650777
-0.03496547737697986
0.2727242019105409
0.3376418320231407
-1.309119267575431
-0.27698082408358404
-0.015039845878810798
-0.3896059778584968
1.2713958566197077
-0.8293157774562823
-1.5891459103438876
-0.11580033948202528
0.9167383183496622
-1.5675926611496833
0.008224608025675817
0.8882415023795862
-1.5672773989857647
-0.8968678873137779
-0.5683579781159307
0.09833008092653106
-0.7089348231549275
-1.571955787764848
-0.9921375767878344
-1.3250128399220489
-0.675767446435211
1.4467869131267888
-0.8540120604608075
-1.3320025446000479
-0.33989558742154324
1.4744486214225097
-1.3015825546211857
-1.4223042932313619
1.4798188139795787
0.9960426364654178
-0.09897197696978699
-1.8569081399927474
0.8116260777899593
0.5356749583905365
0.4443575668773736
-1.8544127845401173
-0.09558166459707218
1.3555738096291141
-0.7903693080026173
0.6705117838132191
-1.6909115779888984
-1.9223865039678243
0.8817972732090746
-1.6804501426806535
1.7866584272023052
-0.5636314216058831
-1.7532239797909281
0.15005001538943752
-0.9276510112964993
-1.884937808352551
0.01616197183164081
-0.608693801606147
1.9516450454460257
0.09600703415018597
0.9532130735348914
1.740141378640847
0.7412027618086343
0.7346322659553377
1.4451719595343486
-0.40269126882176653
-1.1484617921049916
0.27746713141745527
1.5969812689170642
-1.517161762216551
-1.7757600347464324
1.819580860285786
-1.074077161744016
-1.183463707095974
0.06455917231522967
1.2068065271014023
0.8790769008647645
-0.6579957684011881
-0.4722838553348443
0.8257292063057045
0.92691530063267
0.022785239235066257
-1.6928026582882545
0.1708887153459724
-0.9092804773043865
-1.636239600785041
0.03980741620246997
1.6678971947665788
-1.4231906095526536
1.6384309097277248
0.8148785762428927
-0.1553322967012245
-0.6922368666289489
-1.793692754753549
-0.04364880948177596
-0.9471266813971901
-1.590733361964729
-1.3443590913055274
-1.2215223758173392
0.06261885341814466
1.9058864566577598
1.6517415278247394
-1.2310765425256314
0.7294164773297807
-0.3710069238005067
-0.681804767234834
-0.9539399581165968
-1.8761161700922844
-1.4266895227938692
-1.4189455816135035
-0.43276896889605876
-0.3123097726844257
1.811408653709075
0.19511998804744124
-1.2151054665746632
1.8616372738645754
-1.4055569689313279
0.7086295001687257
0.16790703762731995
-0.22928466389845603
0.369087096040984
-1.117942128243111
-0.6543315668982777
0.9458804450217477
-1.826856235901218
1.916348217154396
-0.04615018102932211
0.8211711577340641
1.9715817889109593
-1.0808266715365478
1.1078469370470163
1.5371380428191022
-1.336001046630225
-1.4413858786044114
0.8779202836304307
1.7655268019896124
1.8491810300892895
-1.4423499556497585
0.6153880480165168
1.2125594995532243
0.7935262572034905
0.7577402698285121
0.015508373405426212
1.097165997332255
-0.6834714105240596
-0.9551968665456583
-1.7299754088119403
-1.0812670455484983
0.36622512054087863
1.2100936665951294
-1.993378865714884
-1.8230798186555517
-0.7555044107466213
0.761298902625553
-0.4671910904671699
-1.04180722048266
0.6278667342708562
-0.44896620296380885
1.7770051448583217
0.7625977291713162
0.7762025763598674
1.6929285338318971
0.5877493866352674
1.8516880032841891
-1.3512081240811624
0.2179903565414758
1.8414597083405018
-0.06806994527698595
1.3079778446367514
-0.19174688778223725
-0.13375454408480847
1.637908441739289
-0.7168474283619934
-0.9255800117698776
1.1469953253495704
-1.3532633450032439
1.870125862234611
1.8155664219495962
-0.369605962756538
-1.2412279632035306
0.7598250983146704
1.3687775322900637
1.0839146129456525
-1.0158191935026242
-0.9925305061692429
-0.3331670097074122
0.3101368725930622
-1.4806998128079663
0.09498746817994741
-0.5453115273574278
1.9878449915688607
1.107816388498268
-0.4674009660427627
-1.9478047342202998
0.8260605246611852
-0.39463725263719107
-0.463522785341123
-0.09906121286553571
1.899175420700213
-0.8374493171033075
-1.9082920655978821
-1.391061158170706
1.9586053175957927
0.4586106079955621
1.087327840405111
0.9472595755174424
1.4944876435837253
-0.9623689531041482
0.8652416355482915
1.4222363657550119
-0.5562344226862366
-0.9315580829131536
-0.8196686300479179
-1.8211233856661062
1.3971387035222311
-0.7331648066286918
-0.03341088172719431
-0.32354641908321646
1.1850324864010768
-1.5488612846669447
1.238433652509169
0.6700728224491788
1.31764218730211
1.6111149047954592
-1.302865868730041
0.4000136186421872
0.8634807156758972
-0.11384930179277353
0.4503154931339277
-1.5110470079416607
-0.7376756729959371
-1.4847194751040842
-0.09983882996190774
1.4693887495022278
1.1837398438243136
-1.8277796463555207
0.852168705455731
-0.4648426992954735
0.25985831925720326
-0.35461846619339
1.5212999721743405
-0.9022636454074
-1.8752361379473714
-0.42570331713935516
0.82657250398817
0.49863929929077466
0.6609329798265047
0.8234253098574142
-1.941596025098518
-1.062789989955732
0.884899268425289
-0.8646500150938681
-0.8199275836399287
-1.2684973991464408
1.9727156163107908
-1.203413617491496
-0.7795756974330481
0.7988151820013942
1.7150888398964663
-1.9464327678502742
-1.0285999684878924
-0.7034984210246296
-0.5783113725829545
-1.884811824281294
0.37981270555690383
-0.8681838346622874
0.4094028348398302
-0.006509312070868134
-1.6565627757852797
1.3266633327773998
-1.8112445145389917
-0.919049812946072
-0.9672767874126684
-1.2440576389451352
-0.052912553058927614
0.7044166480627267
1.6628146986150973
-1.9038702375647185
1.3679508505181226
1.4083112160675717
-1.8948122229190232
1.5257682536713877
1.3584388504659946
0.5740846651314273
-1.1492007329208844
0.8340131619049145
-1.405220719773582
1.8512039307543047
0.5279657544611704
-1.1302925062265499
0.2932903271250029
1.0915067235929525
0.7096990224672353
-1.6097868081586952
-1.831402813209452
-0.09319375350930148
1.0104448707697617
1.9429904129838782
-1.4018221216713669
1.8870656686426193
1.0772588731056718
0.6155207637543207
1.8357321594222538
-0.00794794880223293
0.7821343800493596
-1.0748715257916475
1.6435505445429892
-0.25597009109063773
-1.1081461044806078
-0.5573189133219447
-0.551799099333143
0.3862018893425798
1.5745481700726103
-1.5177797084771059
-1.7583941765046465
1.1612451285686203
-0.5694434747040593
0.47449192190867384
-1.9275008748944389
1.3876908773044137
-1.6318165207400868
-0.17561920449707902
-0.30257103095782023
-0.5435541369575843
0.6612530136521766
-0.8560092978764113
-1.9695671379306527
0.13720629137198426
1.5688100853206723
-1.0834982291778292
0.34810970319258017
-0.1825195024672066
0.47180053534864363
-1.0966703252676586
0.43701782427006153
-1.2758335086795438
-0.09094760909539756
0.4964824545458648
-0.9571637906736807
-1.7458994422945753
1.587522946931307
1.1762943611358523
-1.4530765475113268
0.7686691480554422
1.461211858546457
-1.8813328969980048
-1.8374388125876977
0.5206168901440869
-1.2402069114638743
-1.2892102990299041
-1.8772069715031363
-1.1116177328653105
1.745930320752899
-1.3748372330671814
0.06154678299745031
-0.6938297668434226
-1.042942381878948
1.8909943648079635
0.44756629327950037
-0.8155729315974538
1.9489665378640821
0.9348950193268442
-1.1726700125575062
-0.9411035902984239
-0.23343659228570068
1.554743322479755
-0.016881821912373418
0.11479146506944149
0.20651063319090968
-0.13133905205491425
0.6786787657333857
-1.2928728429231855
0.44783515617577496
-0.906880830766386
-0.7571114344750707
-1.6372533793480848
-1.9951045177898363
1.2231283224117022
-0.21653573283955252
0.9453914186467944
-1.4313691495128036
0.8029898025244351
1.4369438511317183
0.6319023651757432
-1.7050505965841873
-1.52585016967008
-1.8870404448367895
-0.2510531891342791
1.2549727607758725
1.8581170657971513
1.4895640017341694
0.7402806689237584
-0.6026766559423069
-1.3972679806632748
-0.3649289420744348
-1.1868957343929347
-0.38526763340630144
1.7768734301299736
0.6240092053286839
-0.043838557628959496
-0.12020632796099395
1.8094104455545303
