x y
490 0.14220797234305022
491 0.07385154331762098
492 0.08877788703309722
493 0.04975664062168067
494 0.035057297427370654
495 0.03085191755567778
496 0.03895424953008036
497 0.04142324903796684
498 0.08797307741109248
499 0.042503984454707336
500 0.04022564466166046
501 0.08154647764290092
502 0.04380142888837229
503 0.044920648816814165
504 0.0523393614883827
505 0.03539905865680149
506 0.03959875067853134
507 0.04045512528594584
508 0.04016362897902138
509 0.04011941665002674
510 0.04038149147175736
511 0.04055463865342778
512 0.039401503863959506
513 0.041266538844046886
514 0.04117198842389195
515 0.04137298689137617
516 0.04100053937213186
517 0.041212948722264255
518 0.042157582308545716
519 0.043023999490915975
520 0.04252407030391029
521 0.042277189600239067
522 0.04280207808959228
523 0.04208632990349495
524 0.04174762106785517
525 0.04101635070968324
526 0.04094982825689572
527 0.0419776208946493
528 0.040696339162726705
529 0.04069094413462008
530 0.04089950734041441
531 0.04228316191278653
532 0.03921431970958031
533 0.027937118014465533
534 0.04380206350071643
535 0.0399415339951899
536 0.03730497384908893
537 0.04240675978157307
538 0.040863369994513184
539 0.03995134345931175
540 0.04119477643066286
541 0.0412963246843631
542 0.040101252065518504
543 0.03984737714739711
544 0.040576977177625276
545 0.04120988480889011
546 0.04023811780268058
547 0.04021586417818991
548 0.04049151402736283
549 0.04081374315584344
550 0.041251881046379696
551 0.04069470919361464
552 0.04052454665208791
553 0.04085763506741103
554 0.04134226247734298
555 0.04337171346823741
556 0.04011744067410265
557 0.036959065552153704
558 0.040606214239459294
559 0.039100652821051476
560 0.04152407046424173
561 0.04187217128498089
562 0.040285405270045566
563 0.04009142457199972
564 0.04088248323897626
565 0.04147729622113149
566 0.04044895897396521
567 0.03963035627419281
568 0.04023548414575509
569 0.04060338661351248
570 0.04001237461790531
571 0.039475262895379296
572 0.040437908415421296
573 0.040756956578286443
574 0.04022011750470115
575 0.039632466063489705
576 0.04021117513026991
577 0.03967650885678792
578 0.04100972683234784
579 0.04168860578507729
580 0.040912465584757654
581 0.04065143788774325
582 0.0410535050597258
583 0.04109607995136718
584 0.04073389903294297
585 0.04014647628117006
586 0.04094520464610385
587 0.04097222562018924
588 0.040801670473483584
589 0.04022036199247417
590 0.04057943345633598
591 0.04118184162139908
592 0.04061772781984302
593 0.040416728482309906
594 0.041247830145484006
595 0.04172432679328582
596 0.04055615206811172
597 0.04167719184176436
598 0.036570445152199885
599 0.04087291688170088
600 0.04038426133925666
601 0.04233840069940823
602 0.04047874068091787
603 0.04161128135867663
604 0.04085077001951845
605 0.04059763336074598
606 0.04084359347439498
607 0.04107348489922734
608 0.040487153255807956
609 0.04055246225235538
610 0.04068225192620302
611 0.04106354153624074
612 0.040590790178094624
613 0.040380985905714144
614 0.041137239510419595
615 0.04131058240367596
616 0.040683866317276704
617 0.04003609785470254
618 0.04100189527682348
619 0.042087990838811346
620 0.03956017446897468
621 0.03971966161181214
622 0.04102537852187612
623 0.041572717413163644
624 0.041440682434280084
625 0.03845983410488187
626 0.0378504388061153
627 0.04068025802823618
628 0.041123041048155125
629 0.02913500596083374
630 0.04085754239775367
631 0.040985215174906775
632 0.041401713102315885
633 0.03795760904004847
634 0.026730735427814723
635 0.030927546774533594
636 0.026903112806547284
637 0.022921478267751122
638 0.025053562888946782
639 0.026303265805759046
640 0.02401012628482295
641 0.03481695348358912
642 0.04187775505538032
643 0.04341831184640787
644 0.0433089434629973
645 0.02841317558897955
646 0.026167953587774396
647 0.025769025456353758
648 0.02610688761292955
649 0.03206363675996618
650 0.040684641943700146
651 0.04041382480942307
652 0.04120562659975321
653 0.03804380252019198
654 0.030470752131395263
655 0.03131373347420578
656 0.030709627231085893
657 0.026261278623868137
658 0.025803213656879768
659 0.025974398390782836
660 0.025799014709099975
661 0.029781020210052318
662 0.030938140546395806
663 0.03235310606471248
664 0.03207074148564614
665 0.040817348969881734
666 0.04019880130522888
667 0.03905960370179721
668 0.040402254676974836
669 0.041730911861592224
670 0.04339751194633327
671 0.03591612093546518
672 0.029857546014273418
673 0.025521556038625944
674 0.023833953588173844
675 0.024241584298909623
676 0.02560140958970332
677 0.025072589008026374
678 0.025172347438556963
679 0.024950678219860828
680 0.024586888131412805
681 0.024476868297434937
682 0.02473948765106591
683 0.024665072938875175
684 0.024420997860886116
685 0.03322988891898178
686 0.033668752936619285
687 0.03421151643418919
688 0.03519839251347109
689 0.033547117730580875
690 0.03962636160502505
691 0.04119288224825766
692 0.0293772202078506
693 0.031611024733477176
694 0.03745950471031095
695 0.03725607129448769
696 0.037109106351808106
697 0.03938974072987745
698 0.03985362752699601
699 0.039721006013687665
700 0.03936720234390466
701 0.039378556367762434
702 0.03817170238496529
703 0.037631400196026094
704 0.03629259499308341
705 0.028411174595922534
706 0.037763238248714776
707 0.03957595077565019
708 0.039294050503278104
709 0.043829203993706135
710 0.03522277224491747
711 0.030426607129997188
712 0.027241316964138732
713 0.025787049661813933
714 0.025885201254441492
715 0.02708280073522296
716 0.02642607219412243
717 0.025599735770540463
718 0.02645814302253247
719 0.026524654029953427
720 0.0282069640197291
721 0.030774874465951275
722 0.026307756324208908
723 0.026021946588099053
724 0.026098644811727634
725 0.02736889657151527
726 0.04185968355294418
727 0.03685434819241295
728 0.030853405423736577
729 0.02510237528154313
730 0.025729703731238354
731 0.025710120163037666
732 0.025521225990969253
733 0.027655471367799864
734 0.027469118155086514
735 0.026798372077606412
736 0.026329838167697572
737 0.035678172045141635
738 0.03665728554711418
739 0.034912631156248465
740 0.033718700316811394
741 0.03834864802035122
742 0.0290091425846179
743 0.027659925781923365
744 0.026745434540944992
745 0.025946611242834886
746 0.04097133173325537
747 0.03992401567444765
748 0.03807878741168752
749 0.04079040260070918
750 0.04301716237666926
751 0.04344259081883449
752 0.04341055241402795
753 0.041171158764885765
754 0.041672673360962656
755 0.04196823468618736
756 0.041528822295464875
757 0.035963542259901296
758 0.03650170603300169
759 0.036531701806070065
760 0.03619757512856167
761 0.03228235899480402
762 0.04299846249951251
763 0.04356612589063029
764 0.04318852552151982
765 0.03318984012575976
766 0.03140270347314643
767 0.03513367855450975
768 0.03826520498353808
769 0.034459772918384236
770 0.028148141489516165
771 0.02775786088762593
772 0.02746584554725111
773 0.025245007288722827
774 0.026071053668594604
775 0.026489296029925113
776 0.027261201373649718
777 0.04123893778973341
778 0.04124153819221011
779 0.041685802148099325
780 0.04148445664754375
781 0.04257475590389677
782 0.025821285876026622
783 0.025685918858360298
784 0.025177131126411706
785 0.036295908446380976
786 0.03607875923474155
787 0.03519188648020696
788 0.03580060516943305
789 0.04315561153881083
790 0.04321201300119746
791 0.04307833140146382
792 0.04341725492493719
793 0.043437096866485544
794 0.038548239706702146
795 0.03664568976002991
796 0.034481865633330944
797 0.02564582863658201
798 0.032020414071772994
799 0.040564310860100476
800 0.04291601810450113
801 0.030573055536926352
802 0.024511861653131826
803 0.024743582048735068
804 0.024714912029449428
805 0.025330213711067487
806 0.02556715544056739
807 0.025378265493091207
808 0.025205078299672418
809 0.024668757770758467
810 0.02490747620744477
811 0.024831050207248986
812 0.023811097039469768
813 0.025521100586860815
814 0.025912068160414865
815 0.02583344536813859
816 0.02545146068619617
817 0.029881587348453784
818 0.024741979813096743
819 0.024326943523695365
820 0.037245905607579885
821 0.03454814946514998
822 0.03689438339696822
823 0.038287557352313546
824 0.0384303813467874
825 0.037760953781677334
826 0.03783962985736831
827 0.03882290992451149
828 0.03906038801430449
829 0.04007879864971364
830 0.042702709229771645
831 0.042791105527014456
832 0.04279963132873184
833 0.0420789112898856
834 0.04019023831640597
835 0.03957031482510129
836 0.03869201616275608
837 0.027861412807786163
838 0.029000208674389266
839 0.027326637178820758
840 0.029403623384103076
841 0.04145719876182847
842 0.03770936020601577
843 0.036288009580354094
844 0.035805113104951825
845 0.04158151893354846
846 0.03675048037446232
847 0.029268741973491903
848 0.024839910680031427
849 0.021772659361000195
850 0.04463371272337494
851 0.04412567226215792
852 0.04392216560372224
853 0.03909458481392074
854 0.021582470468165985
855 0.020298771730896423
856 0.019753846247068593
857 0.023019031761113563
858 0.035691872207002116
859 0.03561992859293654
860 0.03737716883749654
861 0.037801258107737004
862 0.020767728730405464
863 0.02434503371818938
864 0.026085126274979192
865 0.02644603184068775
866 0.03534636564546671
867 0.03378335978104862
868 0.03477595707044614
869 0.037233908183864864
870 0.03111862361413772
871 0.030902534099128673
872 0.029112113127757633
873 0.031061257103302237
874 0.037761747172248075
875 0.037995752459928395
876 0.0406293552762283
877 0.03067041699121926
878 0.03135455802525632
879 0.03221655979428326
880 0.031218632659963476
881 0.029105006200966066
882 0.04174309463446151
883 0.04169766641265102
884 0.04148470710846881
885 0.04240165589694778
886 0.026758452313919996
887 0.025798526534157425
888 0.02560044019295694
889 0.02685944517133273
890 0.03597892585235014
891 0.03594868642111437
892 0.03828301765719515
893 0.036003253476774404
894 0.031887312254530335
895 0.03272912120982364
896 0.03000103635999681
897 0.03058644890371245
898 0.031057489995881656
899 0.03123443073074563
900 0.03105066767428085
901 0.029299482570914075
902 0.029876702801999437
903 0.029171054247403697
904 0.028484955336738015
905 0.021911894804448277
906 0.02172929884146937
907 0.021141055693192332
908 0.022369666170261353
909 0.028461622532131255
910 0.03232546364535257
911 0.032702839365499045
912 0.031912196557901645
913 0.03103149716074598
914 0.03109535575533982
915 0.030251689497309966
916 0.029524935938299073
917 0.02506119306437483
918 0.024990551236169153
919 0.02530113415924797
920 0.02532472532111249
921 0.031469732233392805
922 0.03164475532290121
923 0.03174581339317118
924 0.03137741253976975
925 0.03048254269399797
926 0.03250854781904267
927 0.032720926223944055
928 0.03311801848673638
929 0.034826711652301674
930 0.035444912475866286
931 0.03563354578447592
932 0.03530953043579139
933 0.03131750379578331
934 0.03277706447263018
935 0.03452079451012994
936 0.03562678718980966
937 0.03696418625100821
938 0.04046615207187948
939 0.03906526199342953
940 0.038579624927221084
941 0.031128067745329915
942 0.027994290871037903
943 0.028409612516721375
944 0.027849023240165804
945 0.0297823651145147
946 0.029767249241771068
947 0.029945503305332858
948 0.029475502870861644
949 0.030274555803240722
950 0.030049234050831725
951 0.030145555444205586
952 0.03022182116540386
953 0.037647128392397006
954 0.035997402460613455
955 0.034107899814501325
956 0.030955584302067247
957 0.03792240616510078
958 0.040393590031662735
959 0.04471274355019308
960 0.044472125480245095
961 0.04131383965984321
962 0.040327559925949344
963 0.039305392713399126
964 0.03851696232769325
965 0.03588245883191145
966 0.03428089457193894
967 0.03430911294080443
968 0.034159683810921077
969 0.03554693748916315
970 0.035425952792486046
971 0.03541318470270385
972 0.03559269329329288
973 0.03573288752964588
974 0.03934035113653227
975 0.04015279929001617
976 0.04130275299099715
977 0.035110141333234916
978 0.032360551334503426
979 0.030757860652043705
980 0.030387122925273173
981 0.029127241105252142
982 0.03210648682719282
983 0.03167781418343499
984 0.03136078621129078
985 0.03273131663904611
986 0.03143797118039949
987 0.03165784667959918
988 0.03120168843885944
989 0.03307659601800405
990 0.0327310368744506
991 0.03221525617824369
992 0.03184345404510568
993 0.03049693843561622
994 0.02702603020934853
995 0.02717226100410535
996 0.027308934721473412
997 0.028313430309420524
998 0.029530618159626557
999 0.02913006634988458
1000 0.02810272379155879
1001 0.0307962610120581
1002 0.04202811375961114
1003 0.040373041209508416
1004 0.038961830937758006
1005 0.03206923101393884
1006 0.03564780856253752
1007 0.034891970729879394
1008 0.03392886407092637
1009 0.03283938971135138
1010 0.035199595874608504
1011 0.03480851672124825
1012 0.03565709379996685
1013 0.03366655506121819
1014 0.030897816128595722
1015 0.030005362094710254
1016 0.03142511207185803
1017 0.030679034162465563
1018 0.031941759102440834
1019 0.031119855763093958
1020 0.03231519770752811
1021 0.023074184698667028
1022 0.026347601350371293
1023 0.029056288943265812
1024 0.03419759067126009
1025 0.03057772477582479
1026 0.036955765830613344
1027 0.037344603294916144
1028 0.03826378501478623
1029 0.034994990821016626
1030 0.034541245334713526
1031 0.03340218459409786
1032 0.03211725055145396
1033 0.030544961873489842
1034 0.030040623943613474
1035 0.028544584852058515
1036 0.029310392793584966
1037 0.0224426154425562
1038 0.022227876443595314
1039 0.02347879457260509
1040 0.021573140179505602
1041 0.02129196447709992
1042 0.019627168852537746
1043 0.02061996102155291
1044 0.018870721310692284
1045 0.024767918129119822
1046 0.03242381994504952
1047 0.03437922072416908
1048 0.035238982733882325
1049 0.029676322842215195
1050 0.03171714885486799
1051 0.031717114448549334
1052 0.032697076652785775
1053 0.03546696754710991
1054 0.03342789366793679
1055 0.033350531108825146
1056 0.03372973505784995
1057 0.02974805967502248
1058 0.02408055515374939
1059 0.02378345549672428
1060 0.023154925519706417
1061 0.020634135861103308
1062 0.020222622159484477
1063 0.020300382462640952
1064 0.020285753739434118
1065 0.018016437952535522
1066 0.017791366164675314
1067 0.018110886358490032
1068 0.019315537896959063
1069 0.027884950831536096
1070 0.027851084005902
1071 0.028307966973318204
1072 0.029153633813924298
1073 0.029707491862063288
1074 0.04016512661597335
1075 0.04006012815770743
1076 0.03965299392587309
1077 0.03206685275854046
1078 0.02991858883550709
1079 0.029597747356408813
1080 0.02999046123273577
1081 0.029614586361458348
1082 0.030455069338310364
1083 0.030415265355841246
1084 0.0304950515792138
1085 0.030466471714576095
1086 0.030330887838743513
1087 0.030114802487808453
1088 0.02957660389698878
1089 0.029645719546070107
1090 0.028366092406576813
1091 0.02809503706284131
1092 0.027936963929126677
1093 0.04060936030990069
1094 0.036753892693012186
1095 0.03471026176053644
1096 0.031105325811997247
1097 0.022160200056169973
1098 0.022365559729844952
1099 0.021961516687877415
1100 0.021352049553048764
1101 0.025491333111699536
1102 0.031457661354288416
1103 0.03164028137865527
1104 0.03147665935203124
1105 0.028907911056654093
1106 0.0272491728434038
1107 0.02621698481273623
1108 0.025400222834616317
1109 0.02404399966478485
1110 0.030385897047275786
1111 0.029029829724639196
1112 0.028027552386095184
1113 0.027267007169964046
1114 0.02180600514832414
1115 0.020811954161942727
1116 0.019562549617339827
1117 0.02529606330031002
1118 0.025297581492226
1119 0.026207467169464618
1120 0.026207666689118857
1121 0.02613759355334438
1122 0.028279595121445827
1123 0.029436295143806385
1124 0.031095501250750827
1125 0.03273772182307657
1126 0.026729683494340212
1127 0.026860812381062357
1128 0.026461968350387357
1129 0.031907856870493176
1130 0.03375791758100268
1131 0.03280197106738576
1132 0.03233443172464829
1133 0.029233797965234055
1134 0.02967873947033916
1135 0.029873985154573835
1136 0.02986913801068971
1137 0.025530116738922488
1138 0.025858354215412813
1139 0.02616864618493554
1140 0.026468138718108086
1141 0.027597410849720706
1142 0.0277579500183918
1143 0.027724076838273635
1144 0.02751267233203364
1145 0.029108027254587564
1146 0.039680800817732585
1147 0.040170466608629884
1148 0.03867748139232124
1149 0.04288992816687405
1150 0.03661327185837003
1151 0.03288575403692739
1152 0.031988263489587346
1153 0.028449029951920165
1154 0.024930966762470256
1155 0.024891081022243744
1156 0.024646885509894377
1157 0.02730150015895745
1158 0.03198327004502705
1159 0.03271927583701444
1160 0.03349431076657089
1161 0.029574005601168723
1162 0.0315208677096534
1163 0.03562953764140847
1164 0.03666408604861922
1165 0.04571818575735739
1166 0.02593200722621
1167 0.026017603215577053
1168 0.02582660371144017
1169 0.02679715246413405
1170 0.02823749254524795
1171 0.0287777347693601
1172 0.029550622722033
1173 0.02860850527958954
1174 0.03069612978906411
1175 0.030858743483188573
1176 0.030657768644924113
1177 0.03134637913927128
1178 0.029519597093913795
1179 0.02787347772158374
1180 0.028008326569930513
1181 0.0246110152245117
1182 0.027473665491668835
1183 0.03231509597451876
1184 0.03230089754610162
1185 0.026053212101104055
1186 0.02082548775065636
1187 0.0201564053529552
1188 0.022947924924101686
1189 0.021713995990472194
1190 0.02156792663705414
1191 0.021890172623553254
1192 0.022112140665663572
1193 0.025048089927083645
1194 0.02746923356720266
1195 0.027730431262305087
1196 0.027980774337979936
1197 0.03059110723616705
1198 0.027360581014646154
1199 0.02620780562041869
1200 0.024493209221904993
1201 0.02908718703398526
1202 0.041940368208170604
1203 0.03773262287326875
1204 0.03463097602046889
1205 0.030460255743130472
1206 0.027811840363512114
1207 0.026938147863891673
1208 0.027522650019047443
1209 0.029404407105502753
1210 0.029463081768393365
1211 0.029303206191764405
1212 0.029700428461143395
1213 0.030642266068019734
1214 0.030138829259144732
1215 0.02954211107473647
1216 0.029745177550475184
1217 0.03275806314910283
1218 0.033074271874948644
1219 0.0332560590345362
1220 0.033857463813974115
1221 0.03797825404704605
1222 0.0434538874425734
1223 0.04256751514162058
1224 0.03901285357305465
1225 0.027447861356379378
1226 0.02792263100040299
1227 0.030665404213128473
1228 0.028631993765325766
1229 0.02938881706815625
1230 0.030268673233844696
1231 0.03228541269668905
1232 0.035085330061973126
1233 0.035156822463645244
1234 0.03059260891417202
1235 0.03074194045001969
1236 0.030048606391720238
1237 0.02854845694925239
1238 0.0262568512162218
1239 0.02482964135125876
1240 0.02531477797762801
1241 0.02749286441196884
1242 0.03235514296107977
1243 0.03137742865169119
1244 0.03076316190458379
1245 0.03548207218266328
1246 0.029440528316973788
1247 0.028807012488527458
1248 0.02761791476989686
1249 0.030419602937059885
1250 0.031731480017281766
1251 0.03156727633451064
1252 0.02710622226202324
1253 0.030937778565315703
1254 0.025345917413088854
1255 0.027361070418404358
1256 0.027009561158346213
1257 0.029271552285946547
1258 0.028044956182440375
1259 0.02949408506409745
1260 0.03088651353171544
1261 0.0316821773940899
1262 0.027661245120000236
1263 0.030193529263068675
1264 0.03311332284850776
1265 0.02826757308120385
1266 0.031790665709012594
1267 0.03162162441954579
1268 0.032548119932317744
1269 0.03279722258704815
1270 0.025495545915429643
1271 0.02398814481132355
1272 0.02412184006183158
1273 0.019207057449558123
1274 0.03277537594346269
1275 0.03369331669125851
1276 0.03438741376677095
1277 0.03223504492327401
1278 0.03194331941808473
1279 0.03333758252974811
1280 0.031018200627911358
1281 0.030804561771703744
1282 0.028399515417464907
1283 0.02808962110182743
1284 0.028496843095498593
1285 0.02863031013752392
1286 0.03346107941741308
1287 0.03247464460728981
1288 0.03478848875860324
1289 0.03312990173908927
1290 0.027663714134009483
1291 0.028396890615484727
1292 0.026878051200737628
1293 0.025860941851092438
1294 0.031621471260033736
1295 0.030939964114088343
1296 0.03176235991921344
1297 0.028500823697710495
1298 0.031306412617103124
1299 0.03094322985797747
1300 0.029703961073049713
1301 0.023606784739688323
1302 0.027216758519752124
1303 0.028348853265922187
1304 0.027860100130659822
1305 0.026317880774462454
1306 0.022240250706551862
1307 0.022112750561896967
1308 0.021760949219990524
1309 0.025361093640235075
1310 0.0243469841371864
1311 0.02454499850327634
1312 0.024297542420605524
1313 0.027582643558476998
1314 0.03004131608327316
1315 0.030088947785018857
1316 0.030014972208722228
1317 0.023186239983904147
1318 0.027721286383363943
1319 0.0266552328700679
1320 0.026694092632081716
1321 0.02626651171285331
1322 0.02518087433938961
1323 0.0245578883232537
1324 0.024257053668016865
1325 0.024825364460806583
1326 0.02701238405033565
1327 0.02761067834204512
1328 0.02789270688364843
1329 0.031916901375170066
1330 0.031726572600868974
1331 0.031616688529782236
1332 0.03138817863828464
1333 0.03258096416051507
1334 0.030564440201874973
1335 0.029791680687961952
1336 0.029004820631174863
1337 0.034862626262736104
1338 0.04160984682357946
1339 0.0424628009850381
1340 0.043588997129024996
1341 0.027133200500028265
1342 0.027652231255823622
1343 0.027973191336998677
1344 0.027999316345864254
1345 0.029351381679410534
1346 0.024243911103914172
1347 0.023736333726735913
1348 0.023855859559727886
1349 0.02495357091327057
1350 0.02527831655697407
1351 0.025196071713389893
1352 0.025452590072604888
1353 0.028360952347027013
1354 0.03499844575020622
1355 0.0353813972812856
1356 0.035519728020540965
1357 0.03592110931536656
1358 0.03686773098937923
1359 0.0372485442461857
1360 0.03744857171711023
1361 0.03285967031649693
1362 0.02715908171626985
1363 0.029085426715019305
1364 0.03066308176307932
1365 0.03388738885321858
1366 0.034425358057764706
1367 0.034220034354860915
1368 0.03507835281426883
1369 0.03281656839460841
1370 0.03152689685580949
1371 0.0312156782120207
1372 0.03167905734530448
1373 0.02663507407433165
1374 0.0304568759828983
1375 0.032234074081643
1376 0.03369097223936561
1377 0.030676075631315844
1378 0.028814692099602156
1379 0.02932420464744967
1380 0.02884310987055262
1381 0.031864807653749945
1382 0.03609311468278841
1383 0.03573983647253688
1384 0.036918200255028
1385 0.029499568472549843
1386 0.02515358685589215
1387 0.02284475053673691
1388 0.0242808288496341
1389 0.02356246990117495
1390 0.027876477861611317
1391 0.02982965308846784
1392 0.029372692026567466
1393 0.030036206115853586
1394 0.03175670422192198
1395 0.03229721625368507
1396 0.032033441200470254
1397 0.03199494471409657
1398 0.032067922927047056
1399 0.03223521211770223
1400 0.03175171809500469
1401 0.02887941161299124
1402 0.03214014631127385
1403 0.03428591182015635
1404 0.03642352443247247
1405 0.03520850306478014
1406 0.0325835951468082
1407 0.033010086639156125
1408 0.03587057058052424
1409 0.04115983987945294
1410 0.037210034143914356
1411 0.03688997397042466
1412 0.03580500679152687
1413 0.027387730876975946
1414 0.025070972766933337
1415 0.02444900879942255
1416 0.025032844256637495
1417 0.031222478943618643
1418 0.02801207945363555
1419 0.02868397039860864
1420 0.029237866227100975
1421 0.025107846795058484
1422 0.025871328178495613
1423 0.025775935074969288
1424 0.024701123101814552
1425 0.022970822554349908
1426 0.02799802443007048
1427 0.0312613077608811
1428 0.03344859297424487
1429 0.026727797501540827
1430 0.02799449446219172
1431 0.028282946627679308
1432 0.026964169517342484
1433 0.032362148474877436
1434 0.03254932678603718
1435 0.03170248299227852
1436 0.03089540652767626
1437 0.02940948154050491
1438 0.03456071189688701
1439 0.0343065127328778
1440 0.03354531576346893
1441 0.0335624811567524
1442 0.03295768092666577
1443 0.03265689712366648
1444 0.03450927706089782
1445 0.026005200965008624
1446 0.02353232842077282
1447 0.02421046657435924
1448 0.027112806340158904
1449 0.024301049110308934
1450 0.023648214954698866
1451 0.025575799255330496
1452 0.02705356967502611
1453 0.026977600831357706
1454 0.034656842420198425
1455 0.03291687864244447
1456 0.033910201155272005
1457 0.03214991693587344
1458 0.031178858469826057
1459 0.03247344034875772
1460 0.03329246464749378
1461 0.028074741553337352
1462 0.025789948342762943
1463 0.025164076116604695
1464 0.024712936140287828
1465 0.02354554714039965
1466 0.02358902582566769
1467 0.02386466143520494
1468 0.02368083768850007
1469 0.023086130874363852
1470 0.02529054938787122
1471 0.02793282155232524
1472 0.0316381056884108
1473 0.041096582309393635
1474 0.04250169510606787
1475 0.0422263037473926
1476 0.04166060735853076
1477 0.034203395050338856
1478 0.03072496909740471
1479 0.02988892133442554
1480 0.030961230474192608
1481 0.023640838885468776
1482 0.027189165430263947
1483 0.02768763247339648
1484 0.028270719033401524
1485 0.0287724878924703
1486 0.03036355616217062
1487 0.030444967390910554
1488 0.030693182085247385
1489 0.03007612578979504
1490 0.02847041377856933
1491 0.027904734545894053
1492 0.027891197470874617
1493 0.029134281298875988
1494 0.032489865122493605
1495 0.03200219388371345
1496 0.03150445322398017
1497 0.03099574841301701
1498 0.03760671278028735
1499 0.03773887906748043
1500 0.03673851945837662
1501 0.025136307545622977
1502 0.023643555859131134
1503 0.02355898398289699
1504 0.02477662209978193
1505 0.02427005996447067
1506 0.028145605802836954
1507 0.02873174278385977
1508 0.030125746062803375
1509 0.03420509021119237
1510 0.03409464253832355
1511 0.035667287492421595
1512 0.036035538727418284
1513 0.030876663288403883
1514 0.035088672329315625
1515 0.03539262721203147
1516 0.0344000124035039
1517 0.028931024496389922
1518 0.026363178546025334
1519 0.0259210985915043
1520 0.02522788927681014
1521 0.019576271015773698
1522 0.0205774451619941
1523 0.02085013693063399
1524 0.021030295315800526
1525 0.032314935127112476
1526 0.03493312739912666
1527 0.03499387146244161
1528 0.03481537267189492
1529 0.03765178546246248
1530 0.037081841136709995
1531 0.03642312974534731
1532 0.035923446411580115
1533 0.027987697857246495
1534 0.028414939767006646
1535 0.029673646115166284
1536 0.030463363450694222
1537 0.03421489170623632
1538 0.0333924048998339
1539 0.033126359682401275
1540 0.033503032429008935
1541 0.031503843646583235
1542 0.032770705570255416
1543 0.036278686701421856
1544 0.037877867792801174
1545 0.04504646440151927
1546 0.037398743342791654
1547 0.035462790341561364
1548 0.033519554583357404
1549 0.03106921088048797
1550 0.03348289458503755
1551 0.03344559937063821
1552 0.03273537440550573
1553 0.028594650214697235
1554 0.03240749837366213
1555 0.03215812731284381
1556 0.03296041317475272
1557 0.03832072614819924
1558 0.03368894453158054
1559 0.032726974484274925
1560 0.03305219924686212
1561 0.02800634242287606
1562 0.035700620143059865
1563 0.03671763765794403
1564 0.034285908193055534
1565 0.03036684087163077
1566 0.030720813435824883
1567 0.030100472122920243
1568 0.030078244392871323
1569 0.030575233426584653
1570 0.03629640424217881
1571 0.03531166354767437
1572 0.036189170781928695
1573 0.027184664422346957
1574 0.028323870889796505
1575 0.028865020075097163
1576 0.02945670797815811
1577 0.03300249224520934
1578 0.03131274658254964
1579 0.031200817170753306
1580 0.03192605395692549
1581 0.03298047493979382
1582 0.030857931476577463
1583 0.031729989812881707
1584 0.03147857233990792
1585 0.036879770923293
1586 0.035081266464465126
1587 0.0338385995257459
1588 0.03288755011254544
1589 0.03321645049206282
1590 0.0316997189238225
1591 0.030758159072319102
1592 0.030359310845710967
1593 0.02480513067596955
1594 0.024114415553907465
1595 0.023877261895210906
1596 0.02389816411269965
1597 0.0267030028727504
1598 0.032387962442319396
1599 0.033492757855163785
1600 0.034350449478439744
1601 0.03431857726791688
1602 0.03303251773376525
1603 0.032785890947704864
1604 0.031897110593529
1605 0.032419652409714214
1606 0.028725710483458646
1607 0.0292655655111974
1608 0.03027142628458167
1609 0.0311804093884309
1610 0.032718550807356896
1611 0.03327609983690152
1612 0.03480425378943211
1613 0.033027473805634464
1614 0.029409041996697485
1615 0.027973669325068427
1616 0.028497951511166845
1617 0.030413234099369926
1618 0.033106113181712235
1619 0.03358834926189553
1620 0.03365049080859708
1621 0.03163685599729852
1622 0.025930022548974703
1623 0.026584199525444416
1624 0.026999325071785523
1625 0.02613409734537955
1626 0.027838212259624285
1627 0.031770634859469626
1628 0.0350658318811475
1629 0.03658881684852283
1630 0.02869866442351613
1631 0.02852766981423022
1632 0.028411300945304117
1633 0.023967891540748635
1634 0.033249932021448
1635 0.03499042771406424
1636 0.03598813794948593
1637 0.03290978354039815
1638 0.03459190819289482
1639 0.034945115817169296
1640 0.035610246281332
1641 0.03228267312386019
1642 0.024459300374529577
1643 0.024636582465019295
1644 0.024759656485832594
1645 0.026683745676121015
1646 0.02879894831889938
1647 0.026850180094320556
1648 0.027395258446981544
1649 0.029482172395973155
1650 0.033439657454687764
1651 0.032813451408837166
1652 0.03458477784727408
1653 0.029404025786004668
1654 0.04083913272593932
1655 0.0378439547384496
1656 0.03813801388902599
1657 0.03549026225355414
1658 0.03533682307770232
1659 0.03627634773125024
1660 0.03583513070567944
1661 0.034592599700289446
1662 0.03458896025577381
1663 0.03421807625684383
1664 0.033921384775264
1665 0.034928644452910856
1666 0.02918687323790762
1667 0.0289811578226982
1668 0.02862401446515264
1669 0.02913208917236201
1670 0.04343647315940676
1671 0.03958323675934088
1672 0.03388279015915915
1673 0.035666762107617316
1674 0.03412022843551436
1675 0.03248660383051912
1676 0.03101269252980908
1677 0.02645535651227936
1678 0.041154714222546664
1679 0.041193639061212615
1680 0.04159948756047035
1681 0.034414179554451384
1682 0.026951619166985782
1683 0.024070374861249397
1684 0.022478311024052684
1685 0.026657200495864612
1686 0.029396342569614483
1687 0.029122639625244303
1688 0.029048621798656422
1689 0.025548943657165694
1690 0.0274984604083736
1691 0.026583286187120372
1692 0.026997439409627778
1693 0.028173196678022962
1694 0.02249769869234669
1695 0.022721555279933452
1696 0.02315216770452731
1697 0.029328270178712493
1698 0.03197890991663851
1699 0.031272062884070084
1700 0.030193962750397325
1701 0.033513906099797555
1702 0.03247944857339075
1703 0.030017320143067825
1704 0.03528515489421444
1705 0.03441045961805095
1706 0.03501423659895921
1707 0.03372866312328373
1708 0.03292340592588607
1709 0.032708764426391805
1710 0.029080445257297652
1711 0.02987178535359151
1712 0.030270927271376837
1713 0.03515618438609726
1714 0.03449495307016461
1715 0.03330550985986198
1716 0.032767290341624324
1717 0.035653398852005636
1718 0.03242647209072403
1719 0.031128287126817023
1720 0.031210446149036633
1721 0.034238076799829736
1722 0.03497537095645896
1723 0.03425157957347504
1724 0.03278186738069999
1725 0.029351448602906206
1726 0.02747628840409348
1727 0.028002682508290848
1728 0.026499375194954926
1729 0.02163838458413931
1730 0.02223135065499953
1731 0.02236363258676888
1732 0.02234496883672188
1733 0.02311232485259313
1734 0.029711146277158658
1735 0.02977444389845201
1736 0.02984217805903141
1737 0.03228269897306444
1738 0.029307840986196654
1739 0.02933426211586402
1740 0.02975571594470655
1741 0.0256426660068163
1742 0.02926795709002199
1743 0.02932459918570763
1744 0.03044920995816405
1745 0.03463837187199777
1746 0.038108220987245194
1747 0.03889270980022957
1748 0.039892742377336726
1749 0.03528720083020589
1750 0.03191941664064256
1751 0.03155002209114765
1752 0.03149531274055751
1753 0.02950878425860963
1754 0.030798880953801167
1755 0.031931490245766
1756 0.0332135815575608
1757 0.029091724441602965
1758 0.025757212796634038
1759 0.026248012649747934
1760 0.02656416983482119
1761 0.03333043393770365
1762 0.034208668076772586
1763 0.03297563481176275
1764 0.03208231999364716
1765 0.02914813436003525
1766 0.028003540386239326
1767 0.028693298906886208
1768 0.02904103425535765
1769 0.026778812242498017
1770 0.028355322385042375
1771 0.029279782446808966
1772 0.02965727641878397
1773 0.031554657389298475
1774 0.02887166708461576
1775 0.028130290134074122
1776 0.0279377748500631
1777 0.03151343563922774
1778 0.03088342915830342
1779 0.030260633269339213
1780 0.029891235424964854
1781 0.031073416913277745
1782 0.03289793249658787
1783 0.032433448908605
1784 0.03188191278369536
1785 0.027704224658769105
1786 0.03592143685255705
1787 0.037562169763252745
1788 0.04134009817991888
1789 0.03727586679266681
1790 0.03685698689889143
1791 0.03613343044273092
1792 0.03625395843653425
1793 0.03383702053477341
1794 0.02935830282427216
1795 0.027856454384826822
1796 0.028403531464805874
1797 0.029100612722620812
1798 0.026955613604114064
1799 0.027150034075816325
1800 0.02795258746758176
1801 0.024196300595519474
1802 0.026105903326691507
1803 0.027526514129538927
1804 0.027790665102423423
1805 0.028110173566902655
1806 0.03355470536927787
1807 0.03599361270259622
1808 0.038231787763599236
1809 0.0332438185902548
1810 0.030589070277193587
1811 0.02965691346624241
1812 0.031115305715509967
1813 0.03724033270873612
1814 0.045874484187702035
1815 0.044609976915179324
1816 0.045534906094940916
1817 0.0395379493614456
1818 0.027330822469993087
1819 0.02497585669702031
1820 0.026083480708925924
1821 0.027453020770822036
1822 0.02800681957059279
1823 0.027537885776413334
1824 0.02753584808400495
1825 0.029269269375703354
1826 0.028531885644622723
1827 0.028662286797100537
1828 0.027569966388855203
1829 0.027740618252779622
1830 0.03390003443193219
1831 0.032712610560377865
1832 0.03397008405384678
1833 0.028281928844946187
1834 0.03572759329712101
1835 0.03484198959111441
1836 0.034886370250336654
1837 0.02845269078508759
1838 0.03374974222486021
1839 0.03365612809847697
1840 0.03433285301975988
1841 0.03411410562960973
1842 0.031179752300815988
1843 0.030346925773001396
1844 0.029266505825953127
1845 0.02462568650574835
1846 0.024006976196145353
1847 0.024212394907914603
1848 0.024035689174753676
1849 0.030712601488455886
1850 0.026968974740065217
1851 0.025215879064427855
1852 0.023637254036031993
1853 0.03146347630215347
1854 0.03107318072114498
1855 0.031783512950219105
1856 0.03187278886654961
1857 0.02936322524486637
1858 0.03247409926427782
1859 0.033741451517274715
1860 0.03419940166179797
1861 0.026540447614309924
1862 0.028283401536886223
1863 0.028151389747766042
1864 0.028598221885636613
1865 0.02266683525025828
1866 0.026493189902217978
1867 0.027437690333418443
1868 0.02793640929991992
1869 0.028734868025440112
1870 0.029909164039559854
1871 0.030907473285745828
1872 0.03141295993858608
1873 0.030091951884011963
1874 0.03144827672251935
1875 0.0335540033125277
1876 0.03390050410373112
1877 0.03610410375385104
1878 0.03424270469369711
1879 0.03373123058854131
1880 0.03527256349436233
1881 0.032544179918275004
1882 0.030795998203974613
1883 0.03088362630940904
1884 0.028528495881567282
1885 0.024211480639361332
1886 0.028685231865234372
1887 0.02858898211159521
1888 0.029091773297901285
1889 0.033339990066041415
1890 0.03500743092291199
1891 0.035384461447832964
1892 0.035607472902571505
1893 0.03170655623550852
1894 0.027222177731305086
1895 0.027240066545440932
1896 0.02787536748151201
1897 0.0283705643653871
1898 0.027056503665802527
1899 0.026476633359011462
1900 0.025063458790992824
1901 0.025084554754241508
1902 0.02637667049406708
1903 0.02732022644182948
1904 0.02872839373763021
1905 0.03321538661275373
1906 0.030255232854387974
1907 0.030839588557985954
1908 0.031842663558204434
1909 0.030889228193020646
1910 0.035353308532306935
1911 0.0356242725303082
1912 0.03607395149903957
1913 0.03224307743177433
1914 0.034789917983521705
1915 0.036531729031077785
1916 0.0368922556586462
1917 0.03719164831513146
1918 0.03732655689749023
1919 0.03689635735603953
1920 0.03744840435650041
1921 0.029983683171307438
1922 0.0313363163356016
1923 0.03116532875362623
1924 0.03285170398777862
1925 0.03087752179210692
1926 0.023553480240329182
1927 0.021599811435130404
1928 0.021708235158746435
1929 0.03047199534518196
1930 0.035852599447446246
1931 0.035518721562537284
1932 0.03644888380057521
1933 0.03726081051803477
1934 0.03703362534835183
1935 0.03481332621151981
1936 0.0335339902392227
1937 0.032773895786313366
1938 0.03399104585321696
1939 0.03183958425995906
1940 0.030615617553285256
1941 0.026837969180901956
1942 0.024851817354861964
1943 0.023799418669293256
1944 0.02367354689418047
1945 0.022396016785467144
1946 0.026222702852286665
1947 0.026249309612997894
1948 0.027089252173479118
1949 0.027278808178354118
1950 0.03137488530755327
1951 0.0327016109588426
1952 0.03352929687321887
1953 0.03614227686704709
1954 0.03224535201785534
1955 0.03372045320487558
1956 0.0361031485481989
1957 0.03194801383784184
1958 0.029409055385880185
1959 0.03100237076019799
1960 0.031952768213162674
1961 0.0343378265252605
1962 0.03568369413534375
1963 0.035951032694996395
1964 0.0351762118545152
1965 0.02997064543755668
1966 0.03165464093099576
1967 0.0329042558178967
1968 0.032738532004198545
1969 0.03403080711849808
1970 0.03149396282985582
1971 0.030638519884501492
1972 0.029304936729690288
1973 0.028971382929172323
1974 0.029428833911290357
1975 0.02852314887204232
1976 0.029972399117060317
1977 0.026782981560147433
1978 0.03208229342974624
1979 0.03334389374276808
1980 0.03282933470182235
1981 0.03004176327918784
1982 0.031147652019141898
1983 0.03216161039027836
1984 0.03251234402134387
1985 0.03551331062684403
1986 0.03058384503803685
1987 0.028118722564654686
1988 0.027391882428268583
1989 0.03620059281770127
1990 0.039237981036682495
1991 0.03971628803312354
1992 0.038725593274134135
1993 0.027682952125621215
1994 0.026206727049585786
1995 0.02752996528120732
1996 0.028148371415953315
1997 0.030814655307222535
1998 0.02447197859139827
1999 0.024615517348558165
2000 0.024566753644401994
2001 0.02176456419851651
2002 0.027847156316039335
2003 0.028945759265398174
2004 0.029245343075275914
2005 0.033692705390958595
2006 0.027279473663364442
2007 0.02634479451923017
2008 0.025863960733643235
2009 0.028537089635268527
2010 0.03662718910177944
2011 0.040939059236467595
2012 0.04131391894287533
2013 0.03463759735504278
2014 0.036915705859687245
2015 0.03631141595197387
2016 0.03446490417179772
2017 0.03480590749143046
2018 0.03660473275907821
2019 0.037627134922261746
2020 0.03621622058548622
2021 0.03346765410984269
2022 0.03450983448220118
2023 0.035413335315732056
2024 0.03455498124159619
2025 0.028692401970936667
2026 0.02541817741730728
2027 0.02517664545357315
2028 0.023622747019340435
2029 0.025554434768491965
2030 0.02489556326640825
2031 0.024452486241859188
2032 0.028931331534576134
2033 0.03840693697069686
2034 0.036030105343719296
2035 0.03313461385901981
2036 0.03336752102195823
2037 0.03276261909269646
2038 0.034944459118702184
2039 0.02971722974847837
2040 0.02865588541528348
2041 0.030695268137386326
2042 0.03533511705034488
2043 0.035703323981342676
2044 0.033782697620050595
2045 0.035908620048974764
2046 0.031080698054743772
2047 0.031780343666792485
2048 0.027679451345274962
2049 0.033803006719438346
2050 0.03712314313571109
2051 0.03700698771213803
2052 0.03371536939860964
2053 0.032298805458202955
2054 0.029093718791268524
2055 0.028620486287686587
2056 0.02908487497347172
2057 0.023420999236531858
2058 0.03067503310484436
2059 0.03092118046936545
2060 0.028385920317135722
2061 0.02513619647409154
2062 0.02690909661866171
2063 0.028502219295204367
2064 0.03070968849684791
2065 0.027583989331308678
2066 0.022483184832974797
2067 0.02406089790149132
2068 0.025443337955027803
2069 0.02073212037965822
2070 0.023797960609369024
2071 0.025336541790118697
2072 0.025676244652700908
2073 0.029448926309314314
2074 0.027378640809734737
2075 0.027365381268175778
2076 0.027851555463131422
2077 0.03287159659672715
2078 0.03256962144516571
2079 0.03347877972919798
2080 0.03335763576240224
2081 0.028702473790592525
2082 0.033845760432635215
2083 0.034059083166278384
2084 0.0374580153511854
2085 0.02850254720407547
2086 0.028350991543619915
2087 0.029381709914348533
2088 0.030452850104026256
2089 0.02858693948931836
2090 0.02929978691198026
2091 0.030315047018798932
2092 0.030016437554834248
2093 0.033531503402769315
2094 0.030178225227442027
2095 0.030833597092410257
2096 0.029605551890659387
2097 0.02733425963288069
2098 0.029203583658052618
2099 0.02876288910738969
2100 0.030239291068614164
2101 0.021597987901579473
2102 0.02553295816627925
2103 0.02543255283451497
2104 0.026353399706154804
2105 0.025565958784890912
2106 0.027875386735969444
2107 0.028165936103854507
2108 0.02753316287830102
2109 0.025930979873781627
2110 0.022620054864276002
2111 0.021511619274745025
2112 0.020041993818694138
2113 0.02410071958821455
2114 0.02795988306322516
2115 0.028417567065952044
2116 0.028436027312719644
2117 0.02929361079003025
2118 0.026911349508988536
2119 0.02622338006767269
2120 0.02526685551349061
2121 0.022646853407089176
2122 0.023754311696075104
2123 0.02389537196873412
2124 0.02477211005608411
2125 0.02832065811992586
2126 0.035683280652803795
2127 0.03816743906402167
2128 0.039084016168457726
2129 0.03985804998678278
2130 0.03708633705664222
2131 0.03566554460724698
2132 0.03325529920332434
2133 0.03056434517507359
2134 0.02879361566274405
2135 0.028282943235042615
2136 0.026280934010141328
2137 0.02894414655331582
2138 0.03564948735715628
2139 0.03640228491267091
2140 0.03550623225717905
2141 0.035394123969362416
2142 0.03706266445283993
2143 0.037196737475897766
2144 0.03614934830884385
2145 0.032040645023650685
2146 0.025842236499223174
2147 0.026060017212963575
2148 0.02609184479224362
2149 0.03060012763257818
2150 0.031888431156285396
2151 0.032342829407293994
2152 0.030084089091242872
2153 0.0293072652092764
2154 0.025420369133431313
2155 0.025229906775273127
2156 0.02579819979174219
2157 0.02657766549786841
2158 0.026873620831116374
2159 0.0272330146509021
2160 0.026372344243306364
2161 0.02489073568203863
2162 0.026177748747932033
2163 0.026261741800911287
2164 0.02621231196163062
2165 0.02462313989703746
2166 0.023714828260929337
2167 0.02447040002945383
2168 0.025889765992931205
2169 0.03326856091000676
2170 0.03689364215776036
2171 0.038297152002160814
2172 0.038826887827487576
2173 0.03387841116704505
2174 0.03202142938539643
2175 0.03177500313661114
2176 0.0333354754075739
2177 0.02727135815912598
2178 0.02830724486878276
2179 0.02934044972519399
2180 0.029778489694265418
2181 0.02984086639298441
2182 0.029893830606325215
2183 0.02947171702432142
2184 0.0294906054092117
2185 0.027239409949047687
2186 0.02674911363541346
2187 0.027457944870935357
2188 0.029087326102133233
2189 0.029004390203005912
2190 0.02479148477617848
2191 0.02394132049824626
2192 0.023506706127201238
2193 0.03812960593939002
2194 0.03608083018572653
2195 0.0398495261998992
2196 0.03911196674559783
2197 0.04022011868420462
2198 0.031093332367573057
2199 0.030729777724037212
2200 0.02901148857190354
2201 0.03260398098055404
2202 0.028697122503658773
2203 0.02669150956915366
2204 0.025197392900161743
2205 0.03039890389996555
2206 0.0336879145714674
2207 0.03345025177547652
2208 0.03379385722024388
2209 0.033924410977057666
2210 0.03290388810264261
2211 0.033550517196288654
2212 0.03619781699839311
2213 0.03263240065770525
2214 0.04002066864585879
2215 0.038368284102038255
2216 0.03627809400170618
2217 0.029121014099419938
2218 0.03062905139029118
2219 0.02925198873429579
2220 0.02866248390224757
2221 0.02797707027907203
2222 0.02591435657612217
2223 0.024807125127964007
2224 0.024272407841130897
2225 0.029373580106322468
2226 0.029966681884363678
2227 0.028746487365449495
2228 0.027222107644473026
2229 0.02957052709086878
2230 0.028328373333907808
2231 0.027474858664006126
2232 0.030937986400956564
2233 0.030253367622529552
2234 0.031034303548149185
2235 0.032370570725915856
2236 0.032361493594872955
2237 0.030808050835280182
2238 0.03378445293508097
2239 0.03496278987589169
2240 0.03521545081541815
2241 0.02557989741291789
2242 0.02506355032150538
2243 0.025305189345678134
2244 0.02631147487221992
2245 0.025887202929012035
2246 0.02461004397452753
2247 0.024716875877661647
2248 0.024117749776874302
2249 0.02501060818835517
2250 0.02415713146985577
2251 0.023755418770880755
2252 0.02368773413986589
2253 0.024453803992952643
2254 0.02241746045086886
2255 0.021194745706221627
2256 0.020477271363401082
2257 0.02345334429926094
2258 0.03159435550453832
2259 0.03305667517517955
2260 0.03532378778496253
2261 0.03059812630358494
2262 0.02624271174155346
2263 0.02573471791768898
2264 0.02584113456561154
2265 0.027260309694442146
2266 0.03336737384548958
2267 0.03372397995723994
2268 0.03418362767395905
2269 0.030542262573888285
2270 0.031455097670949714
2271 0.03215909342500116
2272 0.03416250008139369
2273 0.03445481395040988
2274 0.03500623863084229
2275 0.03485593996254483
2276 0.03504898031260958
2277 0.038614123531065137
2278 0.03585889605840494
2279 0.034115247248179714
2280 0.03341210752665248
2281 0.02693208012229935
2282 0.028263462651815417
2283 0.02782107406116043
2284 0.027898235903943292
2285 0.027123543845379794
2286 0.02404544765138147
2287 0.023865186134008856
2288 0.024634657500634385
2289 0.025236042876097833
2290 0.020514072502109622
2291 0.023023006549585202
2292 0.02379162243313027
2293 0.026076498387844378
2294 0.029252898082805952
2295 0.03137295212016978
2296 0.033153303596657906
2297 0.03304538078867313
2298 0.029870327328278806
2299 0.031093698404373475
2300 0.03281757760265538
2301 0.02959123343502158
2302 0.02327009528656586
2303 0.021945522761974503
2304 0.02323088766040435
2305 0.021853365683337053
2306 0.02134220196469033
2307 0.022772439814579833
2308 0.023549291727422976
2309 0.02436265331515502
2310 0.033268982988687905
2311 0.03444691777474441
2312 0.03434804498612796
2313 0.0385778318667701
2314 0.03607222429647165
2315 0.03521073692037588
2316 0.03380844195511299
2317 0.028000483903154405
2318 0.026615826094140187
2319 0.027647397838254716
2320 0.027062324556090592
2321 0.03069970059973081
2322 0.0379829954023021
2323 0.037053471811150665
2324 0.03874201588176893
2325 0.03307271808103668
2326 0.024832005843465347
2327 0.023708021557702814
2328 0.023792587815159968
2329 0.02355444831700915
2330 0.025708357544317197
2331 0.026805469748393117
2332 0.028014481219707333
2333 0.03536825505842072
2334 0.03351455398237703
2335 0.03235523365845498
2336 0.03162922856945367
2337 0.03355499020921189
2338 0.03311661851950326
2339 0.03406625837784497
2340 0.03332536706148718
2341 0.02720381492484457
2342 0.02684237515225436
2343 0.026158603971194926
2344 0.026341895216838235
2345 0.030801271703370235
2346 0.030026001722405757
2347 0.02925064668161052
2348 0.02990922491466935
2349 0.030137435665288655
2350 0.02737396375492804
2351 0.027470751550218636
2352 0.027071009363382147
2353 0.027628421339306646
2354 0.02725701543176884
2355 0.027339490584858687
2356 0.029293022025512035
2357 0.030379662036339353
2358 0.03127412530789596
2359 0.03170438994029121
2360 0.03231921821783084
2361 0.02958611134608871
2362 0.0325538643238468
2363 0.031338886474880666
2364 0.03080061149912063
2365 0.028710479169099325
2366 0.024986275865970194
2367 0.024684683559088434
2368 0.02511727508215228
2369 0.024240468145653754
2370 0.025791068135791382
2371 0.02581426809685025
2372 0.02548445989216072
2373 0.03484630574057033
2374 0.032342961612715784
2375 0.03370811354054335
2376 0.03286771536643012
2377 0.02109408401251401
2378 0.018973282497888006
2379 0.01912280255937668
2380 0.019180652213454722
2381 0.022854522996735717
2382 0.025605061527510825
2383 0.026696723123405215
2384 0.027450214395542554
2385 0.028817255020090436
2386 0.03405309029251699
2387 0.034907242546947506
2388 0.03527077519837031
2389 0.0361743669105357
2390 0.03260043276554291
2391 0.033143838186800764
2392 0.0329119236760178
2393 0.03057588013220839
2394 0.03148969060212287
2395 0.03281795425406663
2396 0.035046756516595445
2397 0.029106114440883058
2398 0.029998700185101597
2399 0.028694692019227454
2400 0.029364557309408488
2401 0.028158488898960082
2402 0.030440673987493432
2403 0.030279557948578475
2404 0.02972622560692045
2405 0.03501926901879425
2406 0.032817937549654876
2407 0.03332729182712999
2408 0.03283776692844679
2409 0.03556240599091914
2410 0.03903598252531716
2411 0.03995897663191135
2412 0.03981085333082066
2413 0.03583932349103089
2414 0.04148090674091243
2415 0.040184836621035745
2416 0.032920535018306295
2417 0.029972332480099454
2418 0.028430116982549523
2419 0.026890172865824954
2420 0.02664694433544803
2421 0.031112340452530838
2422 0.027804614071284234
2423 0.025155633452320973
2424 0.02484806522053002
2425 0.024930120341554448
2426 0.023538727249516302
2427 0.024002041684932928
2428 0.023869975918632613
2429 0.019646368922015586
2430 0.030185517927397668
2431 0.03135886017042963
2432 0.03194757002459039
2433 0.024832446444787076
2434 0.024991355588445407
2435 0.02493358798975055
2436 0.02644336995086986
2437 0.02803132151819786
2438 0.02955300452090379
2439 0.026522640979570113
2440 0.026206781008026085
2441 0.02486210965183523
2442 0.02409673153454095
2443 0.027205704929532337
2444 0.030283353227708292
2445 0.029938862288595634
2446 0.031105850235316115
2447 0.02940263528839346
2448 0.028135847101201837
2449 0.02978929806119474
2450 0.032447818444401616
2451 0.03012049240702086
2452 0.030513629691578035
2453 0.03206942616661323
2454 0.030634036534663046
2455 0.03115064289102742
2456 0.0328094066092468
2457 0.029670280114894254
2458 0.03580027605770167
2459 0.03493873561708082
2460 0.03276005011174348
2461 0.032060746028338076
2462 0.030289153609691692
2463 0.03227016729895881
2464 0.03229712528568767
2465 0.028927455367088347
2466 0.019188161846216946
2467 0.02180330888154637
2468 0.019870944911863583
2469 0.03375646532048301
2470 0.030353177368078414
2471 0.02837089702062628
2472 0.02634261077823435
2473 0.04484875228214238
2474 0.0435716672094382
2475 0.03842343670801456
2476 0.03529476995431431
2477 0.03974061183468102
2478 0.030225367888377208
2479 0.03122105723770199
2480 0.034211438286558524
2481 0.03217348518822386
2482 0.02721726214691706
2483 0.026632713949001803
2484 0.027226107205805292
2485 0.02599273051660893
2486 0.027570400969079794
2487 0.027444798377650986
2488 0.028178052476013547
2489 0.028359323664282215
2490 0.027921058877946683
2491 0.027800512667961495
2492 0.02730821521176054
2493 0.025712811912121308
2494 0.027063324310320356
2495 0.027472806740293485
2496 0.0274976000647944
2497 0.028084165651026723
2498 0.0287110430808258
2499 0.0294628913773566
2500 0.02787063874068536
2501 0.02622060096454623
2502 0.023888490986408308
2503 0.02471789481588295
2504 0.026342924286037944
2505 0.03163008716545783
2506 0.03515595341768545
2507 0.03535319200567036
2508 0.03673675393565311
2509 0.03414819118901038
2510 0.03579798012233032
2511 0.03596249277790355
2512 0.03606645268133422
2513 0.03479573626958944
2514 0.03255436308110749
2515 0.030627572552362238
2516 0.03037300661722454
2517 0.03272017482448455
2518 0.032985085127794675
2519 0.03230880004922394
2520 0.031221053965335706
2521 0.03576525905685161
2522 0.037940168808521885
2523 0.0380971249574187
2524 0.03779799699785253
2525 0.032538649448645006
2526 0.029095624730032948
2527 0.029590153474982474
2528 0.02982609783649621
2529 0.023414474633337238
2530 0.023659891374872795
2531 0.0238210888579069
2532 0.023658878607986124
2533 0.02364921263407418
2534 0.023102693478337207
2535 0.02254439366576814
2536 0.02298652550207764
2537 0.023987654335119797
2538 0.02260055936629227
2539 0.022059309368975367
2540 0.022865081011699904
2541 0.026647334775857807
2542 0.03082380115996668
2543 0.03154487357561796
2544 0.03228396240035404
2545 0.03222950629889499
2546 0.029981357291713296
2547 0.03056309373701082
2548 0.03187865952410111
2549 0.03453256501774272
2550 0.033717502100225706
2551 0.03273975246473344
2552 0.0320063636311978
2553 0.03219394525299322
2554 0.032698341044319595
2555 0.030604607224681064
2556 0.029848502090779
2557 0.02676321796399624
2558 0.029396753585607945
2559 0.029965724996958557
2560 0.031291030301208195
2561 0.02862370133066233
2562 0.029645997716792175
2563 0.029507538723135232
2564 0.030253310861054893
2565 0.029394938429797728
2566 0.029719520500403215
2567 0.029639433413075223
2568 0.03023376478084904
2569 0.028512986822323547
2570 0.023687834142185376
2571 0.023599418187838134
2572 0.025319840767857746
2573 0.03249445038020194
2574 0.03255566604972434
2575 0.03315742368653296
2576 0.03336548869077111
2577 0.037005374379960994
2578 0.03176215521634782
2579 0.031602299090193256
2580 0.02856692054659056
2581 0.03154216616603604
2582 0.025348058202405727
2583 0.025313776337881084
2584 0.025559456158457033
2585 0.029603066421678793
2586 0.02970080320558344
2587 0.02944136136100446
2588 0.028821247276231157
2589 0.025880650985371942
2590 0.02945980322552194
2591 0.03058738016042249
2592 0.03348575413885104
2593 0.019036597634665777
2594 0.026511740576919553
2595 0.02575583599804643
2596 0.026592285769820978
2597 0.02671064988791428
2598 0.02836063381381695
2599 0.02790267056740649
2600 0.026454197059064804
2601 0.03005563709086334
2602 0.029850800864056573
2603 0.028504214322687235
2604 0.029523097483981298
2605 0.03026306858311884
2606 0.028956923075735712
2607 0.028806252050499196
2608 0.030552346065512413
2609 0.037081671763757845
2610 0.039408792039612596
2611 0.039192805866546714
2612 0.035483393215465134
2613 0.03990762305725132
2614 0.037580274429708925
2615 0.03568313783422722
2616 0.03412592033071442
2617 0.028742027961994494
2618 0.03204740168337563
2619 0.03237544898266574
2620 0.033740109238826234
2621 0.02388857075177031
2622 0.02485849781284381
2623 0.024504432092461607
2624 0.025230586445366174
2625 0.026260489245810627
2626 0.026559837693168893
2627 0.02722416630928418
2628 0.02739479990297622
2629 0.023525136644349045
2630 0.021490669156180364
2631 0.022796340362641252
2632 0.023838984669251707
2633 0.02386617624408828
2634 0.029968372013407036
2635 0.030818492600718436
2636 0.032096848557899856
2637 0.0298720035788476
2638 0.033865714438050615
2639 0.03443955432002338
2640 0.03530468473623921
2641 0.03189028504981806
2642 0.02812045287269914
2643 0.02745047952625446
2644 0.027553634421347672
2645 0.02680859034337327
2646 0.0304266386929094
2647 0.030999689273149725
2648 0.030569803875792095
2649 0.030197472262886535
2650 0.03505522876893738
2651 0.036178158690799704
2652 0.03701583735249119
2653 0.03721798704322758
2654 0.0366314826624908
2655 0.036686665708734356
2656 0.036882166670997966
2657 0.03736878838929892
2658 0.03539357610687063
2659 0.03509074429341847
2660 0.03451206105285453
2661 0.03243686556671401
2662 0.031857784590852194
2663 0.03145206781045226
2664 0.029651601000457873
2665 0.027174248539270803
2666 0.024124561994581847
2667 0.026544568396739847
2668 0.026326737221890422
2669 0.027872768136277436
2670 0.025641191106849297
2671 0.026184946807003277
2672 0.02662106204751719
2673 0.029322861626274056
2674 0.02913337143985474
2675 0.030664959332664797
2676 0.032849750861798296
2677 0.0261844337867412
2678 0.03140921110386128
2679 0.031714894865805615
2680 0.0325704804315426
2681 0.032672507379746814
2682 0.022947223368817802
2683 0.023177624051409586
2684 0.023822067206138376
2685 0.026717268450622778
2686 0.022669904779886247
2687 0.023865373291367634
2688 0.024292669199652322
2689 0.026476800889722693
2690 0.03054585038306584
2691 0.030706841165165012
2692 0.031756228254767475
2693 0.03673921827457083
2694 0.03542813432352101
2695 0.03454303027853569
2696 0.03479846163890438
2697 0.027577124663974103
2698 0.025814837096037213
2699 0.025749137790655505
2700 0.027401600994241156
2701 0.028825090035324862
2702 0.026767360342269883
2703 0.02558668730450081
2704 0.027838853845144285
2705 0.03295922997280119
2706 0.03012630902602936
2707 0.029336266750276518
2708 0.028363729413877492
2709 0.02784969938643567
2710 0.026410507029941927
2711 0.02650288361216486
2712 0.025189485254000093
2713 0.025183869106089635
2714 0.02769412518797835
2715 0.028327037414479977
2716 0.02978863769565062
2717 0.03222566303020765
2718 0.02772846863890508
2719 0.028754971024348736
2720 0.029750439395511728
2721 0.027108365884827658
2722 0.022083202203542367
2723 0.021887439049319654
2724 0.024075196929239658
2725 0.03087414067447687
2726 0.032444566725215944
2727 0.0330566880237802
2728 0.03162376991709733
2729 0.032058950294066454
2730 0.031273622847952494
2731 0.03111366711512946
2732 0.030131438421746193
2733 0.03274852299260151
2734 0.033029794279043775
2735 0.03291973514111745
2736 0.0322351128383643
2737 0.03314968352219004
2738 0.03307126214238851
2739 0.032968158213112636
2740 0.03341371619452913
2741 0.03593149012553087
2742 0.027279582035928486
2743 0.025662842096628585
2744 0.02243581783200002
2745 0.027287986409539826
2746 0.028383296367447308
2747 0.027874697800023246
2748 0.026141402705922065
2749 0.02619744427585406
2750 0.030325349151512873
2751 0.031714952321160034
2752 0.0328615724611144
2753 0.02740362017181579
2754 0.02581409983472751
2755 0.02583781593375401
2756 0.02878548624528324
2757 0.02576439254782729
2758 0.024293078277228843
2759 0.02501545762448743
2760 0.025191744814633182
2761 0.02071999011589184
2762 0.024297291579068663
2763 0.024562005061378032
2764 0.02428529440758043
2765 0.03048395898105705
2766 0.029799100526744192
2767 0.030911865230771135
2768 0.030845831889974782
2769 0.0321705480770833
2770 0.03166661356968
2771 0.030984272429458084
2772 0.031046386333759755
2773 0.02828459468571713
2774 0.02331512169693333
2775 0.02147273422052765
2776 0.023897135686034073
2777 0.036357888312277445
2778 0.03136548927198488
2779 0.031058666174800395
2780 0.03171630692484097
2781 0.02584343674374833
2782 0.025980781969445827
2783 0.02607190981601963
2784 0.02600458627768177
2785 0.028157027312890406
2786 0.031958383567753205
2787 0.0330006488516524
2788 0.03307269150730259
2789 0.03317795752947384
2790 0.03664639967873121
2791 0.03641606012761945
2792 0.03583711916756529
2793 0.031712653417471336
2794 0.028899404784230684
2795 0.02830386963448311
2796 0.027722721255188956
2797 0.02741522354735475
2798 0.02378727091629814
2799 0.0240362714951283
2800 0.024465035989395367
2801 0.027225684735112745
2802 0.025984211124511006
2803 0.025496492621630555
2804 0.027521724644994066
2805 0.024926062199394798
2806 0.026312561840275025
2807 0.02914688156311799
2808 0.02984952060947376
2809 0.027145202015164335
2810 0.02607347023285839
2811 0.026071335442730204
2812 0.02499745986870437
2813 0.024516361062294614
2814 0.021025272803751
2815 0.02068907421990897
2816 0.021760917747671756
2817 0.02537067181018059
2818 0.03204134980288293
2819 0.03217238270989409
2820 0.0325867473203426
2821 0.03026612301777455
2822 0.031031207824122563
2823 0.031066242332565674
2824 0.03166016865784047
2825 0.02672774160738725
2826 0.028087977583684864
2827 0.03133626514385842
2828 0.029453100973397206
2829 0.026751095793853357
2830 0.031796317276087116
2831 0.03187108352259421
2832 0.030111028341198536
2833 0.029139408229040417
2834 0.033073630573526226
2835 0.033875119739695314
2836 0.031429166161572715
2837 0.03013235520743071
2838 0.02847319838022427
2839 0.02900893358555484
2840 0.029906920955860103
2841 0.03695192234895202
2842 0.04537977045971402
2843 0.044040071604396595
2844 0.04046269962500409
2845 0.025794795141846443
2846 0.029288828763284376
2847 0.03164584886635438
2848 0.03126324549737829
2849 0.03320858569873481
2850 0.026588928701067556
2851 0.027618994220022355
2852 0.026043826556570216
2853 0.038606758321351985
2854 0.03963764785218226
2855 0.038704758924104354
2856 0.03734298032306592
2857 0.03656188268807296
2858 0.031142923050125674
2859 0.031202135762818457
2860 0.029629570123849695
2861 0.03417951878275443
2862 0.030725541233507153
2863 0.02962645711946588
2864 0.027639091012528087
2865 0.028624339816751845
2866 0.03138324872665109
2867 0.031142492153720513
2868 0.030625104091772725
2869 0.02732664483313593
2870 0.022859930590154006
2871 0.02326501032131699
2872 0.02357806092489988
2873 0.03057778346902355
2874 0.026283693596538323
2875 0.02543995350510379
2876 0.02596255700582259
2877 0.03343217303546298
2878 0.033996766962290974
2879 0.03184017209223959
2880 0.02866805150958305
2881 0.027413356090267366
2882 0.024259792051159364
2883 0.023635491835573383
2884 0.02329617135066245
2885 0.03274462151614727
2886 0.03715730861004514
2887 0.037695104830143815
2888 0.038395840591594114
2889 0.03864468568421462
2890 0.03437100574437581
2891 0.03381464966817535
2892 0.03331937277920831
2893 0.032222451998513986
2894 0.03156959192230059
2895 0.030585633713593532
2896 0.030074474440174973
2897 0.03431632453018045
2898 0.03517185349031682
2899 0.03448268694201098
2900 0.03338393144918586
2901 0.03406473255718357
2902 0.03492362724863158
2903 0.03581142446324485
2904 0.03679976466510975
2905 0.03116788626391302
2906 0.02890363172412937
2907 0.029522392039841337
2908 0.02751520993216435
2909 0.02944758290842263
2910 0.02637572366172845
2911 0.02663141750039553
2912 0.02701565798688071
2913 0.025869990327946926
2914 0.023676216205728916
2915 0.02319227631565694
2916 0.023351883783450312
2917 0.027243794672703256
2918 0.025354879793405925
2919 0.02403149892980731
2920 0.023695434989374365
2921 0.0250442864246785
2922 0.032679095238959496
2923 0.03324517689340019
2924 0.03364957171648562
2925 0.03610790853158176
2926 0.03384359845322908
2927 0.03332914300898542
2928 0.03160125483133146
2929 0.03397227872430185
2930 0.03206605412382365
2931 0.031107224383033757
2932 0.030501898245195346
2933 0.031559437712332127
2934 0.032851096502939124
2935 0.032822004802958896
2936 0.03272191815332024
2937 0.033585736216130806
2938 0.02854444623305727
2939 0.028896012780206863
2940 0.030773825462975492
2941 0.027771184683473844
2942 0.026979030818506982
2943 0.02691344196543488
2944 0.028095371162749894
2945 0.025873871603486705
2946 0.029784278711236383
2947 0.030236461884017154
2948 0.030854550366601428
2949 0.029350662369530395
2950 0.02816643244192366
2951 0.029848120601418032
2952 0.03067437886094532
2953 0.02809405989314115
2954 0.03257231362798249
2955 0.03255550660546762
2956 0.03296074151686679
2957 0.0374479607063947
2958 0.03260151540546306
2959 0.031374870702451006
2960 0.031929827097199395
2961 0.031717259931828404
2962 0.02567860232229398
2963 0.02388207448335954
2964 0.0245026743058126
2965 0.028240429823374734
2966 0.028115581941049912
2967 0.028522097653294262
2968 0.02791784689330206
2969 0.027145507016002938
2970 0.022973144908315913
2971 0.025871852856964757
2972 0.02793244598743909
2973 0.02567634607867402
2974 0.030697957545068315
2975 0.029748112303414852
2976 0.028953933456575515
2977 0.03346393856042781
2978 0.03384179045729881
2979 0.03291561636547953
2980 0.033119707365239524
2981 0.03163051861619053
2982 0.03121960291353458
2983 0.029614706088569302
2984 0.02931057251279665
2985 0.030313020056088998
2986 0.029090267464227614
2987 0.02702919247760244
2988 0.02580024429151497
2989 0.03837660969232118
2990 0.03758644287354804
2991 0.03560629354803179
2992 0.03917167837170873
2993 0.04391377541497704
2994 0.039208142984010125
2995 0.03721013011430108
2996 0.035590729498628786
2997 0.02985968126492006
2998 0.030639536559760244
2999 0.03219738206907582
3000 0.0341166406393765
3001 0.024264203864112283
3002 0.02474548334201094
3003 0.024634029567017553
3004 0.025359744426928097
3005 0.024998865830457292
3006 0.02595895182883534
3007 0.02599338539842415
3008 0.025492997116817264
3009 0.02086518082891453
3010 0.01956049835166318
3011 0.020552584879774
3012 0.020696184480361923
3013 0.024639921796649682
3014 0.029121203015338673
3015 0.031174389568482088
3016 0.032711654210147066
3017 0.03151844149236508
3018 0.030179681685059193
3019 0.03030403402805325
3020 0.029488165464913986
3021 0.030514420108533002
3022 0.03452646857145065
3023 0.03353499810579437
3024 0.03343403492591239
3025 0.03849462933730225
3026 0.03644182224126918
3027 0.03547473331811719
3028 0.03479171164847708
3029 0.033396634918466304
3030 0.03483433897837816
3031 0.03550056362834964
3032 0.035797696363117096
3033 0.037005229726054883
3034 0.03670381602086375
3035 0.03493857814117096
3036 0.034253651415628736
3037 0.0337276988449788
3038 0.029637667507179697
3039 0.026269214717422135
3040 0.02489014482739235
3041 0.026054258021956756
3042 0.025347360081007297
3043 0.02516966289040341
3044 0.025895201839497735
3045 0.030203940968469744
3046 0.026362148518652154
3047 0.025809944986151225
3048 0.026630380789313183
3049 0.030070810602486713
3050 0.03246470924937698
3051 0.033270735576988945
3052 0.03325420639536165
3053 0.03146046564616942
3054 0.028977213358252804
3055 0.029073002136231
3056 0.029575940959832677
3057 0.029825809971372002
3058 0.031082697605215655
3059 0.031056714417020865
3060 0.03098566248527154
3061 0.02925447490087534
3062 0.02991940441515062
3063 0.02993354269631498
3064 0.030037471648942236
3065 0.027768374433618754
3066 0.026742652291171155
3067 0.02615590889511232
3068 0.026498089945883006
3069 0.026416363219038085
3070 0.027506383365923186
3071 0.027420066939067185
3072 0.025859682595921953
3073 0.029162885891788306
3074 0.02842141151797941
3075 0.02911254281441452
3076 0.028868768650133853
3077 0.031240542037748533
3078 0.025271802703868907
3079 0.02427063146347062
3080 0.02322726419882979
3081 0.02096575764159568
3082 0.023746601291479236
3083 0.024619521705976713
3084 0.023934828362703484
3085 0.02399818469876432
3086 0.025429117700381698
3087 0.026417951161136433
3088 0.027382733254643046
3089 0.026177560916331732
3090 0.031529131215080164
3091 0.03318806105435891
3092 0.03452379038606937
3093 0.03160503878564649
3094 0.025637016840707866
3095 0.025104403089857348
3096 0.024472346071023044
3097 0.032735349251752324
3098 0.03370894031521091
3099 0.03328018665221565
3100 0.03196704435863356
3101 0.030237770575159185
3102 0.0309017882210804
3103 0.03022938587632416
3104 0.030527866280012625
3105 0.03170194409015902
3106 0.03144026558601533
3107 0.030599356640044935
3108 0.030078755961742757
3109 0.02515049303816836
3110 0.025780439938588248
3111 0.02575453648246896
3112 0.026549897665666657
3113 0.023783231633859293
3114 0.027191424329042528
3115 0.028202993011347564
3116 0.029263419216398315
3117 0.03753353304456694
3118 0.038184485054558744
3119 0.03806749885189817
3120 0.037710101134633855
3121 0.04008914485877879
3122 0.039324658385643245
3123 0.03816338054765601
3124 0.03774733453156633
3125 0.03146657151805525
3126 0.029768969766045605
3127 0.030272332259886604
3128 0.030189722328899993
3129 0.02676473348859803
3130 0.0277439069797174
3131 0.028065119442729217
3132 0.028482091009058078
3133 0.029038159846522013
3134 0.030767414852192504
3135 0.031467240829037416
3136 0.0306234905150753
3137 0.028662617942483593
3138 0.0290809414175023
3139 0.02988425777734254
3140 0.02896251438767799
3141 0.03169947469309461
3142 0.03336798605301751
3143 0.033250698544869894
3144 0.03171201440532909
3145 0.033097974904901885
3146 0.03174861379165034
3147 0.0312571837256668
3148 0.029906217274789856
3149 0.03133697382170637
3150 0.032122878183532245
3151 0.03187504125675674
3152 0.03176421735729938
3153 0.026448885564549333
3154 0.0276869807298172
3155 0.027964383062279257
3156 0.02921434941867381
3157 0.02977975423455248
3158 0.028716897634219345
3159 0.028976491232138486
3160 0.029885495340550256
3161 0.03297038668082831
3162 0.03332596563212701
3163 0.03311824103592256
3164 0.03392293757978911
3165 0.030675683899127486
3166 0.0316678343437639
3167 0.0306964143212091
3168 0.03272001074351012
3169 0.026364918616991206
3170 0.021284139222334672
3171 0.021669602845087396
3172 0.02273463263763949
3173 0.019502942415586796
3174 0.022814313470461867
3175 0.02382872971545816
3176 0.023711495301950717
3177 0.025219142573294877
3178 0.02617644745622625
3179 0.026593478196671298
3180 0.02700045421842691
3181 0.028317214426608454
3182 0.02858730038110581
3183 0.02828956599001603
3184 0.028030794556064144
3185 0.0342737611837834
3186 0.0319026903081397
3187 0.030847660651132012
3188 0.029647709431457083
3189 0.030126823513458776
3190 0.030645024872789427
3191 0.030329994982427527
3192 0.02986233050172244
3193 0.026979951271064406
3194 0.02968557923040484
3195 0.028970948411289645
3196 0.02816571752044235
3197 0.024563915872513213
3198 0.024479144593532367
3199 0.02548164992351888
3200 0.0261084205148787
3201 0.02813154860505042
3202 0.026972830082847635
3203 0.02686866147396619
3204 0.02620725277320759
3205 0.03193660363026144
3206 0.029141130620561763
3207 0.02785586436964835
3208 0.026743891261579587
3209 0.02627361330279622
3210 0.025484846349421813
3211 0.02521013035323374
3212 0.02413619362268299
3213 0.027996885623709965
3214 0.026416421231399347
3215 0.02534453168353401
3216 0.023617366773783247
3217 0.02939983752138994
3218 0.02958405762180995
3219 0.02849999128905282
3220 0.02645631177277615
3221 0.031535263795182025
3222 0.032367001366931554
3223 0.031786000000683816
3224 0.03113667243890822
3225 0.03085849006232951
3226 0.030806716817228116
3227 0.03135024754215208
3228 0.03102556718352977
3229 0.029575086831306625
3230 0.02970554160929395
3231 0.030232454486934696
3232 0.030318634011320112
3233 0.02790017967201802
3234 0.02461410550706458
3235 0.024505313085998348
3236 0.02654650287409693
3237 0.0248125852105988
3238 0.025372499350759536
3239 0.02488680083888189
3240 0.024986449948099922
3241 0.02256552542369257
3242 0.023310506616354584
3243 0.023764877253064965
3244 0.023532200221857688
3245 0.024792403427389396
3246 0.028945236884006444
3247 0.029938194822648662
3248 0.032295525969245995
3249 0.026113896120834153
3250 0.024059804221847163
3251 0.02390025665565098
3252 0.02485945075798857
3253 0.02841283026721421
3254 0.03307553309789296
3255 0.03371186885119739
3256 0.03388255356026741
3257 0.04681872839316037
3258 0.03521362650313148
3259 0.0321234002513104
3260 0.031361925765963236
3261 0.03674075927276134
3262 0.030845243716306155
3263 0.03068724344577561
3264 0.030905662156381807
3265 0.030692522385751698
3266 0.03380308083012499
3267 0.03362047719111615
3268 0.033312217679167644
3269 0.03078160443282332
3270 0.024470880065862906
3271 0.024191454066397975
3272 0.023656589518344356
3273 0.029888839700327966
3274 0.027236054959094008
3275 0.027766371832037274
3276 0.02739977790394662
3277 0.030727339903587475
3278 0.025034243567262776
3279 0.02478354321032572
3280 0.021453332477793026
3281 0.049614542389557814
3282 0.04631703216234108
3283 0.04396385388451322
3284 0.037952019998658465
3285 0.10134600649617835
3286 0.08368017870619296
3287 0.07397615550810256
3288 0.06555837435961114
3289 0.08716621527030802
3290 0.0808787375343972
3291 0.07163563288779043
3292 0.06189826981401675
3293 0.06938913919490834
3294 0.06454854762313501
3295 0.05574332949663455
3296 0.04838503032080193
3297 0.03513319790075763
3298 0.03354080948719752
3299 0.03087624386435299
3300 0.029138612560589455
3301 0.030417913842715194
3302 0.03023089973263059
3303 0.03056905995749902
3304 0.029733303129385248
3305 0.03281491410246725
3306 0.03354041339669464
3307 0.03366086407605468
3308 0.032117089999535824
3309 0.0463401513806605
3310 0.032320193171842766
3311 0.03058569305359414
3312 0.028220964425906672
3313 0.06539436811794593
3314 0.07734333239886727
3315 0.07478068173584758
3316 0.06886256124511442
3317 0.09300130172605457
3318 0.084271811524586
3319 0.07320822870648222
3320 0.06123417804547363
3321 0.041410433690815
3322 0.029731174461038942
3323 0.02669768964241154
3324 0.027438762921751403
3325 0.026290846615222647
3326 0.023174960688446117
3327 0.02450685544805842
3328 0.024570691077786207
3329 0.02031491620367712
3330 0.02321725065225629
3331 0.02394336298360547
3332 0.02920651351168153
3333 0.024696810549265036
3334 0.027363060586957557
3335 0.027292303650283907
3336 0.02849372586805127
3337 0.033954160642925835
3338 0.027988656056845185
3339 0.026147693851791724
3340 0.023627559810167193
3341 0.047225766996085765
3342 0.043138758409697976
3343 0.04557119521461467
3344 0.045789088471529966
3345 0.055442913457741785
3346 0.06986182399455526
3347 0.0652854503336688
3348 0.05925836218325134
3349 0.08007227655718951
3350 0.091637753362121
3351 0.08162947739944532
3352 0.06765268697758435
3353 0.05708983659347388
3354 0.04659556364896355
3355 0.038347122277843565
3356 0.03206074188691401
3357 0.03457599753104841
3358 0.03634728583433226
3359 0.035561687074038166
3360 0.03515616045637912
3361 0.08399742332335633
3362 0.08251946475823728
3363 0.0722156850497782
3364 0.05862964883416791
3365 0.12563405437807165
3366 0.11538722260135727
3367 0.10253914245900671
3368 0.0878836247464715
3369 0.06303702148531654
3370 0.0883366490004269
3371 0.08159329401282388
3372 0.07888811157815262
3373 0.03972751391829806
3374 0.026341273306256553
3375 0.035583965185903815
3376 0.050993568496603164
3377 0.17749688321070814
3378 0.21232195063245182
3379 0.2119207781767446
3380 0.20975955806715868
3381 0.2066206761817678
3382 0.18684469495068606
3383 0.17639979077604348
3384 0.1707365852242037
3385 0.04787249337685695
3386 0.03234271051537173
3387 0.03233704729189716
3388 0.033328895986200834
3389 0.061278456982870114
3390 0.06271511895782848
3391 0.05429749921009632
3392 0.04435836051061454
3393 0.0521745372046762
3394 0.06201029104175313
3395 0.05241850308119276
3396 0.04651785294696313
3397 0.02621835179391893
3398 0.03024074694734759
3399 0.03444486193425976
3400 0.03858984734783758
3401 0.09810943309557353
3402 0.10130731841311545
3403 0.09163670712870171
3404 0.084295516898941
3405 0.11902782735348869
3406 0.1734394012807509
3407 0.17163830633635974
3408 0.16648935880171792
3409 0.07033226844892311
3410 0.13249482917269761
3411 0.14662447565770073
3412 0.1581602230288959
3413 0.06762058374189661
3414 0.07097644428284308
3415 0.07725172483837833
3416 0.08409477240471777
3417 0.0915262582983066
3418 0.14192271253734212
3419 0.1381415608760299
3420 0.13311428895869926
3421 0.2036506456200843
3422 0.2288132804944638
3423 0.22439479350654215
3424 0.222335793770433
3425 0.1642995973911495
3426 0.20123912177518724
3427 0.2070115945158303
3428 0.21564254808181993
3429 0.10667873433210134
3430 0.03732705330383024
3431 0.03535355364208011
3432 0.034036393028389164
3433 0.12541856594682185
3434 0.2586560993553783
3435 0.2715932998724881
3436 0.2867942707037693
3437 0.2617823959287756
3438 0.30541860064340426
3439 0.3142318195830415
3440 0.3212057438096348
3441 0.19512959086755538
3442 0.15633341980292667
3443 0.15644968611508656
3444 0.15862847676232555
3445 0.027314969152869944
3446 0.07247399466475991
3447 0.07008658102771159
3448 0.06646171790011605
3449 0.11252289832779849
3450 0.1996348991576287
3451 0.2102608508276255
3452 0.22236979777414098
3453 0.12326707334668642
3454 0.11763713652284236
3455 0.12705033238825597
3456 0.13998412119855222
3457 0.036307848365195544
3458 0.16107004666029723
3459 0.1588010946492516
3460 0.16511800003347948
3461 0.2552679866206941
3462 0.3619319515667108
3463 0.3648390233214888
3464 0.372031928824098
3465 0.2995188452184095
3466 0.2616418058402173
3467 0.2540457461080547
3468 0.25370152067322643
3469 0.12022882835457173
3470 0.07835023058368042
3471 0.07921733475209046
3472 0.08062863847718213
3473 0.0573007835703759
3474 0.04376236490529521
3475 0.06211019399971272
3476 0.07776338725803623
3477 0.07143845447881038
3478 0.1333383186627546
3479 0.1449043243696567
3480 0.1576582065923727
3481 0.11885016145736828
3482 0.17141217568042366
3483 0.20016452490897815
3484 0.21708753839234737
3485 0.2194715948297299
3486 0.10920744883498794
3487 0.10180440403098544
3488 0.08340469010248355
3489 0.0671004724903386
3490 0.2808986436991909
3491 0.31685151103401793
3492 0.3476861175425999
3493 0.3760476160425901
3494 0.431989544467807
3495 0.4510260303609153
3496 0.4670744494145078
3497 0.42545883498847803
3498 0.2617946411060135
3499 0.23679065025222118
3500 0.21051961622408455
3501 0.077505402526543
3502 0.03589104135941445
3503 0.0401518704025492
3504 0.05652923811173425
3505 0.033550268231278275
3506 0.06816778900159552
3507 0.0850876936965079
3508 0.10339787135570548
3509 0.03553535672773762
3510 0.03284310865000795
3511 0.033497674694288826
3512 0.03338256288100115
3513 0.0304833191207294
3514 0.15339775714038764
3515 0.16384323494789288
3516 0.18114050543141766
3517 0.2878370103416107
3518 0.4006878787275903
3519 0.41924272152943554
3520 0.4367572536415717
3521 0.5092528326970607
3522 0.5220685294610415
3523 0.5232583798326776
3524 0.5190766687376065
3525 0.4748627213429147
3526 0.31247010305561623
3527 0.2711173054545779
3528 0.22845582954736848
3529 0.0924709433532141
3530 0.03267793485137527
3531 0.02910557464670894
3532 0.034694530352983276
3533 0.0706104571227937
3534 0.13188066475997043
3535 0.14637155772519478
3536 0.16259901347739644
3537 0.17665582094389742
3538 0.15047087288527666
3539 0.15403569059533476
3540 0.15766009200979023
3541 0.2000591495710101
3542 0.14762200028132702
3543 0.13718978839358376
3544 0.127848561121704
3545 0.12318428990772684
3546 0.03148009672766567
3547 0.024278391079201683
3548 0.024698567860444075
3549 0.07563092061008898
3550 0.07279504139495697
3551 0.08644836191021923
3552 0.11088630957996218
3553 0.10332461140266815
3554 0.19168685449894596
3555 0.2087442598587247
3556 0.23326707180509065
3557 0.17975106790692058
3558 0.25352561225991843
3559 0.27114250774824905
3560 0.2885134323396843
3561 0.3005670986804947
3562 0.24131572273773405
3563 0.23046571396621857
3564 0.22048783306807013
3565 0.22944583975664892
3566 0.23071089308048673
3567 0.22407950693006423
3568 0.21779693672602776
3569 0.18819600959643376
3570 0.05675890549362652
3571 0.05408448375037234
3572 0.050217894339883905
3573 0.08275649877342413
3574 0.1505830638146484
3575 0.16438546606838303
3576 0.17494466159265193
3577 0.22611529310730133
3578 0.1727457815782236
3579 0.15698460238840986
3580 0.14326649047668724
3581 0.10594352925656429
3582 0.06567641260424965
3583 0.10794442275788192
3584 0.14222650579615553
3585 0.12939984560596388
3586 0.025950399191940383
3587 0.025395651182098036
3588 0.02377526760917995
3589 0.04381581924972949
3590 0.031719084153305675
3591 0.03818206015210021
3592 0.05190748596920851
3593 0.0777272735831899
3594 0.07056871444816555
3595 0.06233197979689254
3596 0.05231783117905035
3597 0.10776350387715418
3598 0.12169023554739385
3599 0.12171534676654752
3600 0.12312229352263653
3601 0.09083493076859545
3602 0.06731082409545742
3603 0.06392488555139979
3604 0.06196892100825883
3605 0.03836497081268204
3606 0.03442991752199278
3607 0.03269480731787843
3608 0.0341694208179689
3609 0.05600220253874586
3610 0.2019231327552773
3611 0.229273261045813
3612 0.2472964663567739
3613 0.3629254902942194
3614 0.3000023556269312
3615 0.2865774969450844
3616 0.2665111756738532
3617 0.3957871101385688
3618 0.378088316402014
3619 0.3573710874192261
3620 0.3322189108386468
3621 0.43262632308116167
3622 0.42349748923025804
3623 0.40306563960559505
3624 0.3795607191573943
3625 0.3518267949163383
3626 0.3216277512681782
3627 0.30618567878045183
3628 0.28759962206806444
3629 0.14829342173921878
3630 0.11528625174273778
3631 0.10497741005307593
3632 0.09392399200262762
3633 0.09313975831077709
3634 0.0779185169707864
3635 0.07400643236538046
3636 0.07651664224813619
3637 0.17106645304899512
3638 0.17170129261014422
3639 0.1597079881276354
3640 0.15878466478935055
3641 0.025997075564684276
3642 0.06718433675076753
3643 0.07243158630729826
3644 0.06353898012985439
3645 0.2749593592069405
3646 0.14789808877766475
3647 0.10248653278594881
3648 0.05080323948274168
3649 0.03268475509400959
3650 0.026231706925219474
3651 0.02278800272591495
3652 0.02691578993677966
3653 0.2074282447713127
3654 0.25459146999667687
3655 0.26084035374266723
3656 0.265838650812937
3657 0.4501970408557721
3658 0.5088529450809807
3659 0.510454118187106
3660 0.5099320562439142
3661 0.630720355178985
3662 0.653914166420332
3663 0.6455622652224794
3664 0.6378903154212512
3665 0.5579108729301405
3666 0.4788623674860018
3667 0.4388701207758548
3668 0.4108368404645638
3669 0.06514013429315882
3670 0.026692055026017094
3671 0.028374002557174854
3672 0.02844835196310397
3673 0.3726754904428553
3674 0.4046867298638338
3675 0.38509584244992845
3676 0.3637448613759469
3677 0.3198559962838548
3678 0.24721442088559012
3679 0.21115161881357314
3680 0.18839186600849178
3681 0.09193025963865521
3682 0.10314805261378567
3683 0.10997583852227785
3684 0.09901758314207736
3685 0.34645059209769974
3686 0.34619019593655004
3687 0.3272868669748496
3688 0.3038968991153074
3689 0.34345943118699485
3690 0.27963284509009373
3691 0.24340246087555584
3692 0.20938528117123126
3693 0.03050897547411777
3694 0.17910098263595864
3695 0.2183688955074292
3696 0.24378073145048587
3697 0.49054784532258033
3698 0.5942725402636365
3699 0.5996865724825355
3700 0.6012100626755251
3701 0.5746065015892226
3702 0.5039762448740627
3703 0.46636440797575807
3704 0.43534882653505086
3705 0.16412785385820913
3706 0.06894879114784605
3707 0.03147815436374145
3708 0.02984820675364331
3709 0.37505511301753336
3710 0.3925109553406146
3711 0.38285882810842387
3712 0.36588232553612243
3713 0.4729466551912429
3714 0.3424885418874631
3715 0.299106239629105
3716 0.2583141890749226
3717 0.23067144468662623
3718 0.16737172730014374
3719 0.12856507124387023
3720 0.10161541872322508
3721 0.05231757203650059
3722 0.1605770354243724
3723 0.18556260825686569
3724 0.19910462892970834
3725 0.37265238754695523
3726 0.37251975952714095
3727 0.3552146358661564
3728 0.330362759915974
3729 0.20797035397116276
3730 0.15670232968268824
3731 0.11491315844116154
3732 0.08823964934628138
3733 0.22985271465227214
3734 0.33527714338376774
3735 0.35078126881667093
3736 0.3496948746971648
3737 0.48536981233120796
3738 0.38702003233876353
3739 0.3571442768355255
3740 0.3245184116813086
3741 0.2924587110013429
3742 0.14655003747209833
3743 0.09819984355038305
3744 0.056053174850766684
3745 0.11017536067263899
3746 0.24286454863522097
3747 0.277903490420602
3748 0.30231192937792756
3749 0.4862860745183132
3750 0.43613013888721774
3751 0.4337327202273737
3752 0.4220136425247749
3753 0.4331509823178135
3754 0.42983421086913826
3755 0.40363974562896404
3756 0.37876901850733286
3757 0.31186329030805976
3758 0.25790287049605043
3759 0.20773149241165664
3760 0.16799791927821026
3761 0.08437602139681828
3762 0.07030310704519481
3763 0.07561418276043841
3764 0.07007493461781931
3765 0.07076235839466119
3766 0.20182304150665065
3767 0.2544414828347064
3768 0.2966073159007403
3769 0.3194361514130482
3770 0.4798061441801141
3771 0.5101399578532588
3772 0.5257388532708166
3773 0.516638335085588
3774 0.4493873139461961
3775 0.4470650488958446
3776 0.43904750936190395
3777 0.39884063514317375
3778 0.29077691258820226
3779 0.271054166109073
3780 0.24261386398379747
3781 0.2716931576579247
3782 0.2336926059493468
3783 0.19056888564372743
3784 0.14170527913564504
3785 0.05666736924138659
3786 0.26539772101666886
3787 0.32861127852770106
3788 0.3745205954659527
3789 0.3732728744716417
3790 0.3323340058964814
3791 0.32897311198137286
3792 0.32440558294537536
3793 0.3104227924777874
3794 0.26806238480895433
3795 0.2562904779271444
3796 0.24777702906476998
3797 0.21486981457743415
3798 0.14565480074831827
3799 0.13480390266859957
3800 0.1255696768974306
3801 0.14888920227748817
3802 0.2095931595294668
3803 0.20340716917223323
3804 0.20173150062839384
3805 0.07976873688328452
3806 0.17643419731955381
3807 0.18096473306528438
3808 0.201155875354922
3809 0.030174610000018174
3810 0.1891945203999439
3811 0.24549819441279502
3812 0.30167680359680776
3813 0.24264163103965808
3814 0.2615017391792965
3815 0.28462384292114107
3816 0.30017025744615
3817 0.3515847103148095
3818 0.40029038693747276
3819 0.4057100343304562
3820 0.4073471607870402
3821 0.3879495454790593
3822 0.26332162398631925
3823 0.23594382655699467
3824 0.20610356166747543
3825 0.1354341835016152
3826 0.12139696091734964
3827 0.09941376470612984
3828 0.07869035150514618
3829 0.06532875985543798
3830 0.12039164318117995
3831 0.14064728172227953
3832 0.15404100585218658
3833 0.26632134442071753
3834 0.17581203078984034
3835 0.16670472304882297
3836 0.15260198767801433
3837 0.13209988230130693
3838 0.03137148283351038
3839 0.0325897075340017
3840 0.03821092296527062
3841 0.16680298461138918
3842 0.24581234654804843
3843 0.26502846226723004
3844 0.2756345437318465
3845 0.369801746638505
3846 0.31332880841127514
3847 0.2910655715000494
3848 0.26626630209495383
3849 0.19627335923382824
3850 0.17754441649440653
3851 0.15831605670226256
3852 0.13904650186160258
3853 0.03534012133386365
3854 0.0767168289217405
3855 0.1010577528855316
3856 0.12133018468101181
3857 0.27024258146510144
3858 0.23952910141643569
3859 0.23703078850725945
3860 0.2306043702879037
3861 0.306205511153601
3862 0.2759672394782348
3863 0.2560012111581294
3864 0.23281081908708331
3865 0.18043009120738157
3866 0.0771812238973878
3867 0.04197117140258477
3868 0.02905039259318478
3869 0.24382595316468555
3870 0.27491407095465603
3871 0.28455517862422247
3872 0.284917103956581
3873 0.3647461288855488
3874 0.32683519836740527
3875 0.30884244784266135
3876 0.2938861072888044
3877 0.18712322455102837
3878 0.08513425594854358
3879 0.06946353354437908
3880 0.05666972961819494
3881 0.11786388419124959
3882 0.15364556182299796
3883 0.15289455886791092
3884 0.14694473687071632
3885 0.2517880974627035
3886 0.3486500293510201
3887 0.3522183335129923
3888 0.35259416682333944
3889 0.37040705262886153
3890 0.32857552021188907
3891 0.3151688926046861
3892 0.3022582290418615
3893 0.10777057093434722
3894 0.0505231984770385
3895 0.03761945573468391
3896 0.0369716663436625
3897 0.18294798084527059
3898 0.2017909264192052
3899 0.19687106415263092
3900 0.19130563923443322
3901 0.20872683692421368
3902 0.11704455965367552
3903 0.09250757154323108
3904 0.07500071128442345
3905 0.1883593975271859
3906 0.308576100384255
3907 0.3268759845353198
3908 0.33199502702528055
3909 0.4686181242100979
3910 0.48956430342259205
3911 0.4791207268876212
3912 0.46590995640738786
3913 0.4935193285014562
3914 0.48840353686202576
3915 0.4728573976514946
3916 0.45769993409013676
3917 0.39612234840276994
3918 0.3845715523018975
3919 0.376503265067246
3920 0.3647807701942423
3921 0.2207830996278158
3922 0.08448033660159181
3923 0.061003511311754334
3924 0.030366416641982738
3925 0.030203365886615187
3926 0.03232402163242696
3927 0.033110592741089934
3928 0.053126811709365666
3929 0.11342240797889254
3930 0.13399303794267445
3931 0.12118437461811433
3932 0.09538184483678792
3933 0.2956364510559668
3934 0.3189670497886993
3935 0.2974006080637
3936 0.26945523744596855
3937 0.35095586242576404
3938 0.3867677837298952
3939 0.3697327299609807
3940 0.3477610067117593
3941 0.3386837717431169
3942 0.2701237310923743
3943 0.2367822692028623
3944 0.19145371260576524
3945 0.08177349457079504
3946 0.03116846797085215
3947 0.03873026082194762
3948 0.07865387178814381
3949 0.16273479432497573
3950 0.25417142491890954
3951 0.27264176694301695
3952 0.30098869280934026
3953 0.23824038959944957
3954 0.22892480664746145
3955 0.24578549441431363
3956 0.2721661088743615
3957 0.10250464771432806
3958 0.05586921912879263
3959 0.07219671092069911
3960 0.09664240568892973
3961 0.03634695373298644
3962 0.03440756812703926
3963 0.02764299194932588
3964 0.027182852814339773
3965 0.028473793608182366
3966 0.11099660852914962
3967 0.1300458941581666
3968 0.15753667133846083
3969 0.19243316841404462
3970 0.24998945817070625
3971 0.2570731934714974
3972 0.2733264588774308
3973 0.236602758788227
3974 0.3278680185742825
3975 0.3410561242553523
3976 0.3654106157686092
3977 0.3328571978370811
3978 0.3523928705860756
3979 0.35878300512914163
3980 0.37355421182201876
3981 0.27400796959873686
3982 0.2541085070807931
3983 0.2569602452631186
3984 0.26487675698926155
3985 0.13361911619205166
3986 0.0875599371986643
3987 0.08799513414613637
3988 0.09273939975302911
3989 0.04097237592638354
3990 0.09822919562181193
3991 0.10998232660025173
3992 0.12470301056855826
3993 0.11921475631432828
3994 0.2032961032874099
3995 0.2176176906247211
3996 0.23577858021867237
3997 0.1997564854158782
3998 0.27860123737912745
3999 0.2847668984344345
4000 0.30155473214928813
4001 0.2117981959385753
4002 0.18584189341877977
4003 0.1858451347239941
4004 0.1942645534081184
4005 0.09559555335657473
4006 0.11937033195727209
4007 0.13284479844454528
4008 0.14884423650280246
4009 0.12952455984925598
4010 0.1285991966463517
4011 0.1364314974620054
4012 0.14023178204397105
4013 0.1331742614953677
4014 0.11773956119290639
4015 0.11698722732417431
4016 0.111614245506235
4017 0.08994865356793298
4018 0.14322223713238905
4019 0.14185745932082694
4020 0.14250832329674518
4021 0.12188950381649905
4022 0.1548423192442186
4023 0.15298251385851414
4024 0.15841178234798273
4025 0.07548274612752415
4026 0.10474503820723344
4027 0.11119642083424623
4028 0.12442320984509747
4029 0.09165428381586378
4030 0.10387109427391765
4031 0.11230383288844778
4032 0.12111095620676378
4033 0.1789782505818706
4034 0.15683727687980298
4035 0.15765982955858204
4036 0.15012439672687125
4037 0.2446866774374751
4038 0.24950786379534906
4039 0.23928699266344206
4040 0.2225919564784366
4041 0.289716284318268
4042 0.30005109280212633
4043 0.28533843636956707
4044 0.2692315777239765
4045 0.2017484140577796
4046 0.1900226003610076
4047 0.17630938826961973
4048 0.16791951469702632
4049 0.04750374507371284
4050 0.07885999981191553
4051 0.07707315798735927
4052 0.0801730015189547
4053 0.029401717003359917
4054 0.02289762010211701
4055 0.02330699637795788
4056 0.023578473011234467
4057 0.02321351908219677
4058 0.03343832105285892
4059 0.033942301037928516
4060 0.0366402250898236
4061 0.13390016180405379
4062 0.17040162601172978
4063 0.16852070338908412
4064 0.15395535595776513
4065 0.2611661137439467
4066 0.26799241415187147
4067 0.2572929592079253
4068 0.23781893870674514
4069 0.2144135525653581
4070 0.20486078063693006
4071 0.18388008656011404
4072 0.1608243352620108
4073 0.03289626378380797
4074 0.024216120858119347
4075 0.02956499751209701
4076 0.049040296709446624
4077 0.26261502862847347
4078 0.323403926316236
4079 0.3264812606628017
4080 0.33438477999088
4081 0.3066402042600581
4082 0.2993178865384277
4083 0.28836065717083886
4084 0.2910081300722972
4085 0.07833486287626958
4086 0.05105321839135672
4087 0.043746950025850405
4088 0.05418420755271264
4089 0.146798731989851
4090 0.17478234387514616
4091 0.1667153801696772
4092 0.14482408180879963
4093 0.25003969586159325
4094 0.21248130997254
4095 0.18324820467565225
4096 0.14740175900637675
4097 0.03191415194012404
4098 0.11178061837827619
4099 0.14589338085259584
4100 0.17802354603258805
4101 0.3098826237346722
4102 0.37632214715476214
4103 0.38593520796001884
4104 0.3967035040661443
4105 0.3747286961631941
4106 0.36154616987951127
4107 0.34865359610863494
4108 0.34391153507714084
4109 0.18973421187158132
4110 0.1310790350832716
4111 0.11279661603378463
4112 0.10640515847486981
4113 0.1635678362635442
4114 0.18466105053874438
4115 0.17788685610981816
4116 0.15851788718967705
4117 0.2810720267976149
4118 0.20468689458156428
4119 0.17268052122828886
4120 0.1350523053276084
4121 0.13380151517135733
4122 0.057944616118706035
4123 0.0384673022784909
4124 0.03493639959602901
4125 0.07400341113681061
4126 0.1709741501026215
4127 0.19506473522235232
4128 0.21585845627257144
4129 0.307462759515551
4130 0.3285136741800775
4131 0.3269309641261386
4132 0.32434102065099546
4133 0.22973570733318188
4134 0.19402703888798684
4135 0.17876083074138638
4136 0.17176598564701828
4137 0.04736472922828024
4138 0.0705202286583233
4139 0.0727223394238509
4140 0.06339609731604179
4141 0.20347871038229248
4142 0.16625691377810117
4143 0.1510311867010593
4144 0.12992097739178646
4145 0.17293757282719174
4146 0.05461590454714139
4147 0.02760523625206397
4148 0.0274788092069222
4149 0.11975442047491869
4150 0.2526955801974851
4151 0.2844555555443418
4152 0.309129603392405
4153 0.41067741242197503
4154 0.4234613364993324
4155 0.4261624553591804
4156 0.42371151124493023
4157 0.3660277059522073
4158 0.34266823730370727
4159 0.32817898950293506
4160 0.3164153957013823
4161 0.22836401379359195
4162 0.18240600919217745
4163 0.1576207910330734
4164 0.13974496623059265
4165 0.03142755567116017
4166 0.0491535469374581
4167 0.04428712528930124
4168 0.0458724815358456
4169 0.024803121845677498
4170 0.11862127704630972
4171 0.13662781782446232
4172 0.15526658079999608
4173 0.15664937521894853
4174 0.25809956919790517
4175 0.2772656108998638
4176 0.2908861872224751
4177 0.2561915915792683
4178 0.24397700102200057
4179 0.24530189743461325
4180 0.2445033595906438
4181 0.22656589550120657
4182 0.17097075693330588
4183 0.15688017080676273
4184 0.1423202558517274
4185 0.12908423399362073
4186 0.09326551042302238
4187 0.06847944055352825
4188 0.04551944953440736
4189 0.04286480481117837
4190 0.1343007479416641
4191 0.16273287665240116
4192 0.18253644785587
4193 0.1672791057601516
4194 0.1442379189857068
4195 0.14709369049215681
4196 0.14727851952204343
4197 0.16121755924611364
4198 0.14055641513352268
4199 0.1366870649766339
4200 0.12969243971497366
4201 0.14997246967571942
4202 0.13744822446514662
4203 0.13220577200571393
4204 0.12464390721384801
4205 0.13638565352491583
4206 0.13913635861169613
4207 0.13168203003796713
4208 0.12306767394481843
4209 0.06302563453806945
4210 0.12726387285344498
4211 0.12868159917807775
4212 0.1302817220424337
4213 0.02747150594376267
4214 0.059112775437526945
4215 0.07545130790612323
4216 0.08923214389212089
4217 0.06341645283008109
4218 0.09637693050202922
4219 0.10989717243257802
4220 0.11676361407330803
4221 0.19018290045040026
4222 0.23957501132002973
4223 0.24608207734756699
4224 0.2459230266593466
4225 0.27899879717908255
4226 0.23191472069476646
4227 0.21796673565289312
4228 0.1993171300659243
4229 0.1686744072429745
4230 0.1554259358884224
4231 0.13586285178973673
4232 0.11430560763240565
4233 0.030836088390054067
4234 0.032943418333522684
4235 0.0354899864173025
4236 0.0381304992903959
4237 0.1199410470597492
4238 0.09057644623153524
4239 0.08885944459411807
4240 0.08723639750396298
4241 0.09349409769451236
4242 0.025863354950910238
4243 0.023344419331443236
4244 0.02601719355594103
4245 0.0524944869791323
4246 0.0835243603715081
4247 0.09911019623006428
4248 0.10656739440423121
4249 0.16918484380711346
4250 0.15778548935961298
4251 0.1515079796710204
4252 0.13875027313391178
4253 0.14935225951940284
4254 0.13340842413096335
4255 0.1192630210834261
4256 0.10180533627014801
4257 0.05323563328243834
4258 0.029181684447177603
4259 0.033532446292257795
4260 0.041924190506283224
4261 0.14573708203516225
4262 0.13180390415382542
4263 0.12941336793951924
4264 0.12761089164653133
4265 0.188874989008484
4266 0.16439993018496546
4267 0.1480422456077537
4268 0.13367474721739578
4269 0.10995424588039472
4270 0.09087056108551261
4271 0.07662061782443738
4272 0.06727275916995144
4273 0.053644127535013776
4274 0.07419174406174392
4275 0.0815443093249287
4276 0.08205731778913253
4277 0.16145465950077667
4278 0.13202679399772632
4279 0.1230882632812939
4280 0.1135860032036582
4281 0.0871137434099617
4282 0.039252274330302366
4283 0.030737942435380295
4284 0.02870702447644743
4285 0.08264484514401294
4286 0.12666107068605756
4287 0.1308483069527971
4288 0.13194683814119954
4289 0.24257778583451908
4290 0.3037597479923857
4291 0.30451796018821525
4292 0.30195986368875666
4293 0.3026312260042629
4294 0.2755572622905177
4295 0.2613689000503511
4296 0.247972698334465
4297 0.13632266816460278
4298 0.10763139868315186
4299 0.09600967936653472
4300 0.08579880271138876
