1.06038592851653
-0.14888554729791137
-1.0397424342841433
0.38226427947860664
-1.769151877178798
-0.9713849351158541
1.873560144801548
1.810166716483144
-0.48253587987241175
-0.6539897075678178
-0.4914738245963579
-1.5305276957010534
1.7894994627527785
0.8377226697454403
0.3684869148079981
-0.8923040686736741
-0.11922754044991946
1.1181475001079773
1.6525150643287456
-0.5593438762822069
-1.71990012431377
0.4775635026650802
-1.6844003052701915
0.33599085241259363
0.41941447814760924
0.08944278249061277
-0.3279852295177035
-0.427194034978601
-1.2800130897732105
-1.8825717967955127
1.3621438071928194
0.014534304166532674
1.6291437889322284
-0.718132123654371
1.638132104947112
-0.5298175943700683
1.8046705684696387
-0.42203146666398395
-0.01602549030472522
1.52491999347711
1.1092828879881496
0.3721139301337488
-0.4540534825925189
0.9353188076597929
1.6123425577519002
1.2711614796668878
1.8891892544740507
0.3881315036375903
-0.29954590328485287
-1.7867465817381585
-0.9377155085256281
-1.5133105906353284
1.4922899749933034
1.8883339963439432
1.2472770237176545
1.8716786055313914
-1.0597771967047551
0.6041385913200976
-0.7346187290467165
-1.3671588303915718
-1.4486178390276243
-0.38096210514531403
-1.7407832846141678
-0.68516691410841
-1.121694797950548
-0.9384889518387354
-1.077113644991166
1.3356110173748883
1.4408448687840267
-1.514606427278451
1.7990393000974176
0.774218974369874
1.292097923799794
-1.6263921622953368
0.8023268698246828
0.10265999314212682
-0.943557634785853
0.05229976804587899
0.5687665529021007
1.6771569864191491
0.7531084296157662
-0.9911795492934301
-0.3253227946915769
0.9819232935303019
0.2139946723099535
-0.19668837389371596
0.06398875209955301
-1.2936895922538412
0.6238128254666155
-1.3952253748824286
1.2332343706416689
-0.5212876906522252
0.859168959532719
-0.09551377065797473
-1.8112268519847103
0.38888179714666293
1.5192214322592652
0.11389604043118773
1.159651169030092
-0.7397187928982345
-0.9494235032410985
-1.962761897112871
-0.14022820606267006
0.23501864214059598
-0.0034671655741167484
-1.4297563759225564
-1.6822734427967871
-1.9261801221534602
1.5019064977050278
1.9307469594545053
-1.035497984973237
1.1680350692910033
-1.543727389813565
-1.9282031549327638
-1.0351746644630655
0.2419809801617019
1.7722859379355431
-1.5850039994121454
0.7265590408572775
-0.38664139124569585
1.3873690427168954
-1.607846138019565
-1.5317809100047337
-1.2857725458366809
-1.8466810176415027
-0.813193391504738
-1.5283608546765732
-1.5783126154326945
0.8419695906377633
1.9165134621666433
0.11959591295702054
1.3093330297063002
-0.4201700306443934
1.236896507858499
1.2958361612321356
-1.9741290728639957
-1.111510865856061
-0.09386123780330058
-1.3847919010398395
0.03338942768057773
0.5737120577081756
-1.564458797016516
1.0240894029683645
1.74418215600403
0.1584929619549742
-1.2069584885925608
0.10696877340322164
-1.0750261872007902
-0.39005453410332125
-1.6626433266221876
-1.0700271779603359
-1.0041658017022543
0.7873295316492235
1.254405321755006
0.3406395460548053
-1.757586459790926
-1.3146489131292025
-0.6190439983158726
0.5583602280229534
1.0197064472313069
-0.4505757100503014
0.6610693898666895
-0.12876780814766509
0.6887351942189457
-0.042328739570847596
-0.2573093448015018
-0.9118476766399173
1.109477884368614
1.0371835249343726
-1.4908172015262307
-1.0248686346124125
-0.3517094701260284
-1.392700428435421
-0.7737843539183631
-1.4928341847268505
0.3951648446102638
-0.8283118030776935
1.1565591355426879
-0.6498487284923162
-0.2842265655958509
-0.6600416042121329
1.8871660308933103
0.8431194149335197
-1.9416159591699347
-0.9098895718945919
1.9758997944901058
-0.6506937217055224
-1.0007552895853475
0.955450136618083
-0.06923144013066729
-0.9670442806850779
0.025755584035203505
-1.3470455390138376
1.4041525488865463
-1.421248386135626
-0.9368094853567257
1.9913344479589399
1.541418741292174
-0.43399420893842855
-1.036315431264137
0.700039208976782
0.7908561081876617
1.3255340518867746
-0.49480260956685385
-0.9001913384494267
0.11838908073554366
-0.9449696974189292
0.8897091488008759
1.6000110357776962
-1.14344093207355
0.2575369511247274
-1.2844826140544843
-0.4265476496539815
-1.5583279466344897
-1.045168373782157
0.531033717497559
1.872578445992756
-1.0160959609307003
0.394738773141897
-0.12609982723507152
-1.5916912362173972
1.556796358767588
0.5810912862014193
0.8561503159528154
-1.2354402486475746
1.345648667062243
-0.3936869396465221
0.7400915320818138
-1.018054680874216
1.1391900243825277
-0.5923379593898237
-1.676774729239702
1.905575432629531
1.3940447259264128
-1.6338260351169192
1.4162125884990626
1.0664332377607995
1.108128689626667
0.8707022635011397
-0.9208579800999015
1.3883786621010623
1.3931886739387087
1.5165385549707167
1.6650574334836756
0.746133624024421
-1.2476999620265943
0.45397645933585684
1.1673552653939878
-0.6652460519008336
-1.4251261940609297
-0.8490816800873926
-1.4365447640098559
1.7191518696062458
0.6102473029173345
0.6291830290928324
-1.0828598889027217
-1.7970935293028796
-1.3821190044399811
-0.9911461307599501
-1.3764032853709272
-0.40595488840452454
-1.7011883615773011
-1.0242552055694758
-1.5722625852488665
-0.9883911153290295
1.1825437583905996
-0.3193881823909668
0.8943918343432409
-1.979526718596388
1.8734175954381915
1.417717060522091
1.7416572886402992
1.1963298970373728
1.1758422342418386
1.3040102234224409
-1.0067194119556295
0.786714679876849
-1.3223998634311638
0.07967715735081926
1.7964320477219569
1.4082120383924748
1.8604449946727106
1.5658172012216127
-0.930779401266308
1.6355601027963247
0.021746327361336082
-0.7733864911921842
-0.6625489112796115
-1.428850240509448
1.0161658218898157
-0.6916020786431933
-0.5745703038309342
-0.8975561286982154
1.3725056304645378
-0.22588615918336963
1.1241096930435264
0.6269706354644624
1.3860476534403565
1.195667861096827
-0.8266248114770369
0.14134768322784064
1.2845298765828428
-0.178358092934078
-0.1961385102564015
0.5278706989262001
-0.566393012010256
1.0867801919950222
-1.9596634571165157
-0.8223895110461354
0.42510790539629983
0.32699273978018706
1.600349866872833
1.2936872109016546
1.7529087320578993
-0.39986496601206145
-0.7614864067234159
-0.01497901287908876
-0.8692661999857711
-1.05139091658612
0.8145566870454033
1.2342395087271156
1.492795513021901
-0.14142195674506963
0.9092655366362554
0.898365278745004
0.7006664259335591
-0.4738848406383931
-1.3476453275857296
0.37840128911649007
1.300649559064749
-1.7031449838930484
1.6460527993313314
0.45736856184731245
1.9423081951512895
1.3807951845382878
-1.3543152632514488
-0.928772887672594
0.041816056807736146
1.1435367501644955
0.8194214753461289
1.406344101750943
-1.821360531154609
-0.48172560898777084
1.223738397591227
-1.21021966953858
1.4988497449441418
1.738060268617315
-0.38454190561501855
-0.1528919321484059
1.2623466779834978
-0.9005444164225422
-1.2038851581616927
-0.15333578051437602
0.13008944792371446
1.2735409735462317
1.8578045144639965
0.7900601205649789
-0.45937735378096667
0.6604117262992735
-1.7162247681431562
0.43473062797703665
-0.3217693822654537
1.4367896585460338
-1.2083030530658534
0.09277330284724927
0.00868252141037651
-0.5536178835114995
1.3274805070510975
-0.4391045493320984
1.5448329666636913
-1.4885963399330868
-0.9135087347291067
0.22489472109728226
-1.752779889370737
1.0542571207612466
1.5485197510848705
-0.3076898858408552
0.14656732223013957
-0.4486814010864908
1.463310455285645
-0.46959332286966493
-1.6852198911267307
-1.3504498286069806
1.8180545061752431
-1.7572101175466135
-1.3769174623444176
-1.7815108437429652
0.3884877124971462
1.8809380762058048
-1.3112698298664358
1.63474725459474
-0.971931018183886
0.7992544289398147
1.1857331920071403
0.18951790605331675
1.2040914845470558
0.5953699438714293
0.09520965622073607
0.5292388394883192
1.7521313180072546
-0.11590327806196177
-0.9491676683623562
1.910747171561093
-0.6804629743340502
1.4454991070213175
-1.1907817929140272
1.1924072079285386
1.591163574631414
0.4109836804909941
-0.06743367961608637
-0.78467372800751
-1.6919430092280265
-0.39756804103495913
-0.39772009021962473
-1.3385559371659763
1.5499605503239682
-0.853961925644374
-1.9926617536751743
0.2523192689735203
1.2848970141546863
-1.7979648425789763
1.8688897059348495
0.34228845087759785
-1.7194061666009945
0.7631631243371668
0.04025738048975169
0.8445877084109457
1.3135053743892553
0.6215550844994193
-1.067155928479104
-1.2033635812667165
-0.4760634093513465
-1.3146758722059957
1.5244997276580134
0.9185070660581807
0.31461688205937177
-0.24321516071201632
0.22887844059311968
-0.3894045919898166
0.4531343032645152
1.4532043265576555
-0.8009342099316923
-0.797365006279946
-0.20461089262453003
1.8962967745345547
-1.479643352208257
-1.0278952625991287
1.05912968916074
-1.6622393971553695
0.59181892825878
-0.35690425167148465
-0.8991190979227981
-0.8750440975698885
-0.49879659042973934
-1.0578173704593477
-1.9526463521113384
-0.16345407737176165
0.9032629899581566
0.40144964601169786
-0.5097535890329747
-1.6320500561868094
0.04964437109514064
-0.04183033657336743
-1.7598549044673022
1.6187703937008169
1.5897811112964484
0.42877309712454226
0.8599762618287183
-0.9861699524445533
-1.6940208945281463
-1.0108698565272358
-0.6167971980904374
-1.0905639920746295
-1.0021211643880363
-0.4626170107200487
-1.6882805539812589
1.4331617134765073
1.6135001306042187
0.2684312711928021
1.1092049809946913
1.8172238630613071
1.662787907996548
0.524402447732776
-1.698470930031747
0.11106866026229145
0.6585088550217146
1.707966100538727
-0.8017765450028396
-0.16744490842455173
-1.432166975127522
-1.0153273830000376
0.14919418273334095
0.168876339924398
-1.5900793485066456
-0.9265369242061121
1.7124658610853989
1.4705074466515349
1.378920545210693
-0.8388972175480296
1.0458080761463262
-0.4384050213511923
-1.6711315626777323
0.32641184746761276
0.17276350878193947
-1.4607789627929653
1.359021481670096
-0.24932122583180893
1.733326131646359
-1.234902195662639
1.5717780922439415
-1.7514682848337095
-1.1999435567516912
-0.14344913341641963
-0.6201720895231455
-1.0686046112459815
1.083355193752118
-0.646036925167901
0.6289548616298046
0.6911814135616257
-1.0842438416954931
0.8013906079542199
-0.9251919123172025
0.5946064516732483
0.25705109753045763
-0.3767695918938099
1.2085936575201464
1.568388420221325
1.2554344102400399
0.3916819647450902
-1.1187158235443908
1.9478962821789172
0.4965604960955212
-1.5916515536518903
-0.32664615789430984
0.6262939232597358
1.400897662407861
-0.18207773713006503
0.6777885899830394
-1.7301305039671986
-1.7946004608178177
0.6149612709108601
0.23551096851999231
1.5234666244180826
0.1087050713661637
0.21023578628794715
-0.5353493750286713
1.417537074006261
0.047541681319652085
1.2443138671438643
1.0130080088593623
-1.7191033736473336
-1.6633001449314748
-0.8065596573342844
-1.5525778450494547
-0.13983699152236273
-0.5528917407107632
0.7043144178295822
-0.2605454741961091
0.9936693427064767
1.24806788343105
-0.4870430048101113
-1.64022691217273
0.40965154117563474
0.6259043238642672
1.6562957137532823
-0.6752769107933814
-1.3530627557514405
-1.7346880128978226
1.285508004729342
-1.0004600685846454
-1.7396830022488565
1.8627455401383388
0.0009515254765073422
0.9586377336133571
-0.17372571210329069
1.7552499977799703
1.2082846588759102
-0.9378805040566704
-0.22970583801022437
0.15004463584323702
-1.6418806304053222
-1.7413651676455242
-1.8130922593896832
1.8885308676939152
0.7265640382345055
-1.0152715252742763
-0.4732981567888488
-1.451074700165135
1.7627644466087076
-0.40100694779758417
0.9112447240191743
0.75015463631386
0.5183486360806557
1.8749571719989482
1.0672909992397535
1.1031852861672657
-0.3342056729568279
0.9803487437166254
-0.01754882756503262
1.5907487541056424
-0.22652055162364393
-0.7817719360523152
1.8622056005370253
-1.27969031319866
-0.24575358472381037
0.8899168187878317
-0.9091126029840186
-0.9141870839544906
0.32308660692625724
-1.591687804416126
-0.884221393059621
0.5059983653768967
0.9076095256317327
1.2506889646160033
1.4940593516824325
-1.7399597658747838
1.9421400774136806
1.8993624034923258
-1.3610463398658759
-1.607366277286991
0.07794712291896522
-0.9704154497404809
-0.5104480369590729
1.805714306746128
-0.7680828735132272
-1.435342788072659
-1.3230277725594677
-1.1593569269436226
-0.9523060391224112
1.3384546173338796
1.4137912959147663
-0.42937390554229493
-1.0027169438189407
1.020939986912102
-0.8701596663873712
-0.8442268253070844
-0.7161137849195063
1.060319291767815
0.19729732611494377
1.717432285229477
-0.8857454522269679
-1.7802808615222454
-0.2390562668114451
1.2416131766304153
0.42462756951671166
1.4682337541035473
-0.015238463206650898
1.259639883238734
-1.226577090155153
-0.8751420150209759
0.11971969278928096
1.8841803165531124
0.8851889796342114
1.185158995977813
0.900541553430342
0.5833513995077539
-0.016159323312659346
0.7957429604167632
-1.7716898851688168
0.1453728615875045
-1.325007779193771
-0.03221544762083406
-0.524621700539091
-0.5138739403764014
-1.8294440662111255
-0.4957255254367281
1.2779654186161427
0.5339955439835018
-1.516520677490028
1.8297616970861994
1.3635132664995044
-1.8798493285217504
0.6620091552252938
0.946658252037516
1.460600237951759
1.0346880375516787
0.29672531540353786
1.6551697301225063
-1.9977736703160796
0.628143529855024
1.634326993081293
-1.314277146856237
0.4377420060703594
-1.129850859056623
-0.5223243891417062
-1.7044139912073422
-1.1126756347675033
1.8259431934753274
-0.37119934607608585
1.7532275724887079
-1.0411238164555772
-1.1071527810994333
-0.651341383167245
-1.2868082033198056
-1.6164633853022257
0.8363415290777487
-0.9143276302729912
0.0938319608958369
0.13747809000511202
-0.5746875384643455
-0.6063787989717664
0.9983170882359751
1.0101150803960381
0.032431272012547474
-0.37310335754831314
0.8928131464385802
0.3619245562451012
-0.0492684396548384
-0.8841743651927563
-0.3542092669741166
-1.3795775552192717
-0.14400226807622962
1.7475254144085115
0.45732243732641775
-1.4240742152783135
-1.8117267305394917
0.6058656775322544
1.5408859328518734
-1.7052715700926138
1.3695190978752012
-0.39001812021490734
-1.7233326982479666
0.4979865351025734
-1.4824154776081668
-1.0914266379692585
-0.08678186000573263
0.7493211635730757
0.01176634166530599
-1.3894603002121237
-1.4521839002419585
-0.10060581694181625
0.5425676469062664
-1.7658837660215578
0.6665794100721354
1.3018859365822584
0.7569948984082959
1.015504945616922
1.9999678705601913
0.833366256556527
-1.9271590930815425
1.6258798453934151
-0.5523525611679481
-0.861571020286453
-0.2585349278438063
1.4300754479809812
-1.6787284381242102
-1.6994423510258918
1.9685246169439177
1.6340107125669325
-1.4917510112493635
0.5075039039200502
1.8610232999846361
1.721441135534974
0.2602205002528102
1.8757518143818905
1.630974922735406
1.3351357726615825
0.978880555410691
-0.3642958798748297
0.3593909926753702
-0.986516018440172
1.4814041692260234
-1.593507124225586
0.9626347052676736
-1.6821304139262319
-0.06288840368643811
1.828251310873743
0.9083676054603984
1.5987747494415436
1.8130260677495458
1.3974868073868603
-1.5816209508203967
0.5159255940665188
-1.6667661598944297
-1.9044723474382446
0.892344344114298
0.809847489780215
-0.07980719435362893
0.16383163281669155
0.3737856810679725
-0.11103887389482159
-1.7968486725040713
1.4407903212169701
1.6901761833456734
1.784438793417325
1.2670357136981019
-1.9704814535432633
-0.6076765956811214
-1.4852998756869287
1.2897024172422746
-0.63511515515862
0.7425950038682867
0.9748076849893059
1.6540347328580634
-1.8661566431914043
-0.6009454625381245
0.3170627369981265
-0.7615589174181525
-0.30390618854097795
-0.8403907900750149
-1.3304966238626004
-0.3720063909734188
0.35782224935730333
-1.1359545575338714
-1.5004048813458164
1.2117095335203052
0.5451948852483288
-1.448933607052668
0.46289166631042056
0.9154158790259297
0.0819559529800249
1.2718556816747926
0.16748574223723933
1.6607598695379036
0.18741086038975974
1.4839290116550852
1.2825123721956122
-1.0425466614286232
1.3388579828823772
0.8526459062406699
-1.1596982408081828
-0.2708385212488631
1.7127852640133532
1.557916294015449
-1.085466734855976
-0.5988453289846638
1.9401600243712744
1.7893884326749787
1.6697770155616434
-1.7937352636363681
1.0385291404071135
0.5130363427827813
-0.15290064185994545
0.8179773673661992
0.7021853865831891
0.9891346469092563
-0.7988087441031846
0.7392246995576772
1.566089011405837
-0.22339267069168578
-1.8276987552645503
1.7203354454845
0.6603848501796397
0.18825622802566944
-1.5438282760490973
1.4899341760820293
1.5473177503558317
-0.4764064508599657
-0.6320048026019838
-0.6150553962944381
1.8524289198354813
0.6290443707672759
-1.9372219412954594
1.068443976150197
1.3382311822700217
1.0679911715534085
0.2779008977465258
0.9641331845335173
1.7238013316549927
0.8916231470759137
1.127380041951977
0.5449529949528773
-1.1056620229642555
-0.4876441779586065
-1.461349936168995
1.3962176790490535
0.11405277223406651
1.7944759515196789
-1.880763831550798
0.6125234149607865
-0.5771267880410789
1.5287424794091384
-1.7617020630377942
-0.6123536828593239
0.33290364766514013
1.5063496768901898
0.5867527389437925
-1.3832299540904587
1.2825295049931649
-1.4258705574451311
-0.3833404970478167
0.5558758756315587
-1.854182703363192
-1.1973096299659853
1.9367829754123562
0.10920105390556545
-0.9414749007029539
0.8901361805130135
-0.9525073536620381
0.17722641034750364
-1.3743368375436744
0.1372274516708396
-1.3141868447847562
1.2891419871335725
-1.8177311206925215
0.6811886205426694
-0.32604861110105876
-1.511757228076542
0.08472314217290666
-1.0526830799142286
0.8077491063748137
-0.7278213958463251
0.5566796008530064
-0.37934989408743647
0.4647789325475218
1.0253059898339414
-1.9894592098014394
0.4516942727549029
-1.6627057622392605
-0.2534704818715836
1.6802847192957753
1.4892545736539295
-0.2029666658341056
0.1767074330867886
-1.5485417258055403
-1.3843927719800684
-1.0311095601891767
-0.6202461000831208
-1.6956655417909756
1.3464357121180188
0.538730502839019
1.5193668116290016
1.1101665272254433
1.0351394377745056
1.485881129485688
-1.4913038988723084
0.2484101435641306
-0.038102066902674814
-1.4207701010575664
0.6323715991972563
0.8415457082988174
0.2955177850270334
1.8890776986652216
-0.303513575050987
-1.8704337783205962
-1.0940547879053923
-0.06940853555478821
1.3066575468879091
-1.8068081488960859
1.1332623216904372
-0.5191588393177771
0.4776335810468013
-1.4308401574199427
-1.9113403151617274
-1.2862313908340095
1.2919027632902247
-0.12575860996882504
1.0988610311525475
-0.448265078999742
1.6568863400296738
0.7688225482113471
1.7487545972819207
-1.8113804160073776
1.8439071536181264
0.540662617713064
-0.5878334666860185
1.5714201033682955
-1.6012712373226892
0.30508451795908265
1.2579197533070192
0.8792350833490539
-0.6143586368603651
1.8224215530197436
0.6165250259533308
-0.14783469905388902
-1.7106695059583785
1.893810717556021
0.41757411812765843
1.5283600329112228
-1.0521802101547055
0.12922293695821585
-0.32272930579331494
0.9119775773846226
-0.39318178159617956
1.6625026300478836
0.1957728850458471
-0.4367372782455661
-1.1473770139775499
-1.9584208573513
-0.5609645966541428
0.5018039376393166
1.31726638289937
1.3830813737855876
-1.2788513348801387
0.1869639651696584
0.0936497039950761
-1.507190303422692
-0.3493156631599641
-0.02894692237967611
1.490444094639411
1.270128789734938
-0.1475146408241086
-0.27697636578566476
-0.5797847217442786
1.4414365225640564
0.13868169382318785
0.8323714186270377
0.6320245659732366
-0.2723231299435609
-1.5988632882769682
0.05638478670873681
0.1285485502734076
-0.36806309770483114
-1.4622983780452836
-0.5855298104965421
0.5152124443034518
-1.567537002261544
0.27886325522908706
1.6557279453040175
-1.9665127378325633
-1.455653965362568
-0.41769308668490357
1.2301398876842762
1.2406246839657116
-0.6160608841532302
-0.2740680787248708
-0.5256582701472094
-1.3856436605482432
0.0722216882985709
-1.8223306914736392
-1.402224210695242
-0.13926925678976287
0.476505142849009
-1.9537244662969564
-0.7711972031923571
0.2278922554948708
-0.17693817708929815
-0.7523960774813054
-0.007489313675359988
0.025807006754380968
-0.8123964705754623
-0.6304680459205945
-0.6062155761175343
-0.3405377095002873
0.7400249717773821
-0.9879984734238296
-0.7728185048925504
-1.9405715640620373
0.7309965905030822
1.3826749996016945
-0.8506301334199056
-1.598355247485436
0.9058721972928887
0.8357637424253812
-1.9586306056020009
-0.9738508009567917
1.1629649619842395
-1.1980056465891291
0.03848613387051092
0.6759941999335384
1.2863113491164837
0.2335170255425787
-1.4306682504205588
-0.8576388641134258
-1.7574674875364957
0.24436737067830983
-1.3726729842150487
-1.8168885509947148
-1.7074855898998806
-1.0257934239999642
-0.7959208107025848
-1.3587456116653946
-0.9461946701403723
-1.1227708179673463
0.08693941528986215
-0.09324491770676202
-1.1698129052662631
-1.5084509542405469
-1.620150743575946
0.03580103896762221
1.09291638212474
0.4484064574591069
-1.411088561112729
1.8586758176299982
0.3823118835225974
-0.7657535406326721
0.05735433132341505
1.8238137757556951
1.1547673081079868
0.6797204805925356
-1.748623848181786
0.0611618954701445
0.6065363018931991
-1.0002436150859109
0.8521137411034743
-1.3494700868973442
-0.4743142163358631
0.9232976698240671
-0.6185095564530734
-0.7584655381879863
-0.9577744458020705
1.246734209030338
-0.7101089550321587
-0.08536120250219126
1.5076258465707446
0.6976460340221609
-1.4839042754810188
-0.4769225389334868
-0.20740699111220184
-1.8330592566674837
1.5039495373808673
-1.574429640917752
-1.9252989315792695
1.2635216245142407
1.9254309263254847
0.32097299424233716
-1.3124381001725496
-0.8161535996599807
0.012001098309623703
0.9689475574669308
-1.9247352875831907
-0.41224418272253693
0.2798600096687571
0.930889779630236
-1.7085859978550073
0.6337892380084407
-1.07264305109332
-1.2532865113331484
1.8193220511780819
-0.6241334382829749
0.7421431638352973
-0.28697622942114753
-1.3520655908729067
-1.062955781336608
-0.17144186028195652
-1.235954774594688
1.7411219801914815
-1.0923812021887582
0.7856536401366063
0.31228402782395603
0.5653498297133059
-0.9540362805886065
-1.2256240350839036
-0.2626295048918572
1.9483869713915305
-1.3031268925916222
-1.2149521022881453
-1.4921545985990763
-1.3351355378454821
1.898360633701481
1.5276085472214658
0.8522231830811053
1.4286690580061223
-1.485781963754885
0.2137687933957091
0.6159688807469035
-0.21457927989902004
1.9408133845874866
0.31040553115422176
-0.5873810627210196
-1.0639727024094672
0.3285346426876061
-0.7266044857635938
-0.5124769955498145
1.1390068883830606
0.3041951762495172
1.760793824133016
0.6339954606415397
1.9054175141087417
1.0574502841021611
-1.3946623528252098
-0.8992337298059119
0.2505928318108981
-1.963901892227458
1.7106879179058865
1.024808984319598
-1.825903027789832
-1.4260420425179707
0.9569018583614111
-0.12860465789400344
0.37799451768529657
-1.7190085442121568
1.9350965488146765
0.7465605391737338
-0.5734182392208589
0.22565479940204725
1.685608913008764
0.21997766729418178
1.4013587322318628
0.6072997714034343
-1.2250576193921163
0.8114109219762331
-1.191559953421239
-1.0008781402892497
0.284289087843701
-0.4254425066740346
-0.42801673173458443
-1.3955293272554758
-0.8138260950802105
0.5563412762849906
-1.4537416497427689
-1.399761135109193
1.996231086839055
1.563182444384526
-0.20572552603466576
-1.1205654999982668
-0.19826943622631754
-1.263953688523288
-0.9479390535752241
1.3640983086648686
-1.7251300927929232
-1.0437269678807581
1.2669741598305806
0.5411289087256743
-1.2033695127258204
-0.33490488664159823
0.5792980713363418
1.6140951934592778
1.4805694326054772
-0.2657883456177168
0.12391737607152375
0.1585230858243225
-1.2061115402148648
0.14028266770780684
-0.04721791979040946
1.5060110250956522
1.471923591993606
-1.267918836033172
1.105959958785811
0.8675465237435485
0.2978164900422149
-1.7197967815774402
-0.34071980871954244
-1.2628581482433723
1.9511626805130353
-1.7408894516231839
-1.00988597339053
-1.3149798671250705
-1.9208960803096775
-0.12120265751064974
1.871821661896926
0.22510326975446526
-1.1641241674067868
1.88707971861368
0.5985194235897402
-1.2013351209014478
0.2685113338085614
-1.4104529626684381
-0.36577732398217044
-0.27340945218701673
-1.722315362219891
-1.9377675852489897
1.2878843192056966
1.1399953899376225
-1.7172464242809635
1.2093805584945798
1.660332310526425
0.2701717614570205
1.7623955131104108
-0.7001272518730013
-0.8244546736937952
-1.9984938538362456
-0.9602979860296608
-1.2679961451626456
0.6147178585544406
1.193341733957308
-0.6984293619450512
1.255361240716979
-1.9763106999726379
-0.8250667989364344
-0.39951074635571304
0.7299624689090667
-0.6168062172645716
-0.9712805437665861
1.06336352133841
0.6698143781449435
-1.89978249074667
1.303906974512918
-1.9647558246351249
0.757555940999711
0.33980068145328257
-1.0992934105713474
1.3781988730412045
1.7314207241001802
0.657719032947758
-0.1848747002054667
0.1585892655382537
-0.5966127024900674
-1.4028187382856947
-0.3163982166129782
-1.3740757207294343
-0.2136039322893275
-0.6917918909382599
-0.025701805307887682
-0.6507962194534516
-1.2550526053974163
-1.1098573985724327
-0.24655258045905226
1.5528232971355247
0.41503182000087735
-0.3287562967481339
-0.6707741561077372
-1.291537993380158
-1.7474731128422083
1.5078619544979222
0.34786992689747764
1.7407136547665796
-1.5387473449273692
-1.0981845920280313
0.10510070166746388
-1.435385905408617
-0.4368178369520632
-1.4146055894285232
1.9752994797724082
-1.497535756156518
0.5719943470999698
-0.39814407151544273
1.9363990944963168
1.082334230386285
-0.4117474377640016
0.49822310516449697
1.4246844307303985
1.6501834573226843
-1.1800028954399093
-0.44413998402356425
-0.5714071573306976
-1.089691897193453
-1.656972358724945
1.9211287571333853
0.8304458801246928
-1.9980474485221937
-1.1493048916148632
-0.8085740917615349
-0.9543318807825982
-1.9174635319828317
-1.9189355198065439
1.1429514006150638
1.8467406972610525
0.9556959104500957
-1.6693357056354436
-1.5046472728533122
-1.140221311856751
-1.8792364509721118
0.776211480710038
-0.33073255671674406
1.2804657821458396
1.0073243360246313
-1.7719354572111472
0.6978377008292975
1.9364391449842562
-1.2844161779248577
-1.4409995393674015
1.9858000991556888
0.587158897344831
-0.0032945930574133087
-1.4604379249528705
0.4605780920968332
1.0010225044573464
0.3408063893849884
-1.6067666665609268
1.2437947924665766
1.3007786491832039
-0.43056868268103843
1.537960883704836
-1.2744645618358201
0.7438070652514379
-1.688749575429401
0.4599901681582943
-0.10979008690883996
-0.4307756140102832
0.9516995172319436
1.230555872096954
0.5691633166324617
0.14411957563443822
0.44844941197096855
-0.35538435997318674
-0.6961181295018117
0.07236338370356421
0.17873804378457603
-0.16862909579984953
1.9536440490487892
-0.20814753368472383
-0.14151275937626018
1.9399262826455592
1.6650089686101355
-0.5789730899506842
-0.35697561348594187
0.6795760027506823
0.9850966644478563
-1.4687961284297621
0.5732731495557681
-1.4625186387166935
0.4219318261179077
1.2039279063656916
-1.2315169652826734
0.17504263878694593
0.709529528784866
1.2227040383884566
0.8502441167244523
-0.9829077895691736
-1.7851520423015814
-1.851164559579562
-1.3824065358901074
-1.4243954799155474
0.3391245596630297
1.852877647743103
0.6142577840729384
1.4585634328875168
-0.8719753274835287
1.393310123172904
-1.582472735248051
0.03233062811000753
-1.8978827017038422
0.1925773483512332
1.031943044970412
-1.9903857996897916
0.17932152268728707
0.2357046233336404
0.8739277503950054
-0.38727598368035565
1.1021595157370636
-0.44111113807651847
-0.6403432941893215
-1.0251906013277448
1.5147664792191167
-1.697214008787864
1.781962528512722
0.0031052195826126727
1.072399741641572
-0.8431498402113142
1.151997103550419
1.212808373906896
-0.44367170343026086
-1.902648521967485
0.3468800099645133
-0.9028859936369975
-0.3349953824613805
-1.6356986543356098
-0.9781189490300224
1.5469263695619118
-1.8778320361916117
-1.2674770460608857
-1.4733777024446217
-0.9570480479461745
1.2451836341144809
-1.4668546602571966
-0.900962105147884
0.466139538621801
-0.009095615676148139
1.72792564060491
-1.231399606487709
0.8579402764473647
-0.7040138160789686
0.5752134649057359
1.9792603329290293
0.42648440875213556
-0.7133101090172742
0.548132787607337
1.167591318252613
1.4573048346419366
-1.0199546037531273
1.9964696103963333
-1.7515994508361992
0.4218532179796637
-0.8042195035167645
-1.2877838038468985
-0.5602518092512376
0.7597515355880162
1.220620615617868
-0.5713544636885302
1.7834313413861147
1.8004154349035044
1.6000853853539887
1.2931610768543709
1.2899769336804576
1.490955445632879
-0.5286314387279094
-0.8819471779712837
-1.6641982459144042
-1.200098167889018
-1.1208210958031568
0.6526077818654712
-1.1526092276541218
0.4214263897889876
-1.9439334077909916
0.6807360987832833
1.8566113043050945
1.6849596521055221
0.45794446262604893
-0.6950079830999942
1.432496765652381
-1.2145056042821305
1.810101449467485
0.9585357498134339
0.17731580716346595
1.2117300069159254
-1.7750369164232804
1.1882048362853608
-0.14197363003003005
-0.028863489980566204
-1.0945902082643464
0.16899815499564674
-0.9520478457616584
-0.19052810753487437
0.8617301199594327
1.8596671590030103
-0.5693733820833002
-1.44377452104915
-1.8107627001799496
0.9946577946972961
0.9698055467308517
1.7186229663971506
0.9068800856618671
-0.25221667495785827
1.753885535499923
-1.6665245542254183
-0.8130359744575357
-0.7022601613824246
1.2427490125260894
0.7131018115764065
-0.10466851073042305
1.5618247633740996
-0.32206601871667306
0.4688581954405584
-1.1508373767914177
-0.22312254578581525
1.904399970696958
1.930744306132251
-0.31269878191051204
1.8274132693234164
-1.0160109750612878
-1.3203492131730457
0.03811009835011214
1.6285766911078081
-0.05850972567449375
-1.6981997025121105
1.81896012172801
1.2323080914116278
0.4589648876915069
0.7636130807554191
-1.2629324587392965
-1.8207791112751917
-0.12367980583347116
0.5582003395383297
-0.8631927866503606
-1.5309166272801242
-0.2681474038821352
-1.658222652716054
1.4704958751229364
-0.7267508125224955
-0.736801630952872
-0.8319859835307715
1.9774142654996556
1.4490157686867664
-0.2626681796480157
0.022017758451776448
-0.660136759385594
1.3627859255531978
1.2496151549351553
-1.1085857718177197
-0.2850582614049877
1.5910161487257612
0.4658615489070912
-1.8700231369203077
-1.6144751951528171
-0.6635994298916743
0.8430465871145771
0.5063485228576923
0.42858645570073106
-0.20093293917793398
0.7451413718218887
1.4486342507043153
0.9106745137526184
-1.144730437448291
0.8028167507026196
0.6326603127184924
1.7921685588267517
-1.7660571540672314
-1.2064455859949592
0.7516902946431605
-1.5955749180008527
1.8284651028548606
0.41452601363352626
0.5345524487171196
-1.3385143266971689
-0.5355698209310304
-1.0976796929806452
-1.349474943464604
0.695851959394417
-1.390256885669126
1.5591920290019212
0.8118057394034155
-1.448772833432642
-1.4218839445861966
1.249114235784865
-1.2468988614986674
0.3257001587126056
0.8937537216488529
0.2867573719506029
-0.08915428522300939
-1.634561504184552
-0.46097426594201574
0.46210209205527786
-0.9049159866089509
-1.7114149462061063
-0.467426420432159
1.2796822220933781
-1.8049486034596627
0.19520449270905482
0.167041994666544
-0.014543003026198598
0.7465221229682384
-0.382287608954921
1.199081818491536
-1.5223042279588475
1.0810856600440069
-0.9915019103501077
-0.788300043481311
0.8803029462554433
-1.36127873114327
1.2256035645606325
0.01747158641089719
0.26766498339482947
0.5818812425985582
-0.2935359028002287
1.7646589133870059
1.4208286009606907
1.2691735235337416
-1.4591180980517184
1.6862110236974663
-0.7412476412503275
-1.0293106093019166
-0.3432041075721486
-0.08101525371466467
-0.9101474809869061
1.8887357872147263
-1.9971929361168983
1.6181248304467148
-0.653499515051041
0.1346860710811435
1.1905217455168238
-1.8770459450352912
-1.5052953400688929
1.8668187693483107
-1.0037476117955233
1.3659285139414088
1.774625090875241
1.8029955376842288
-0.2609936979729808
0.3087973493665026
0.020312570831908516
1.9087798964059037
0.6913458092095892
1.815614068845901
1.4604151271986758
0.016001208951485157
-0.5739409764368522
-0.03743928654707496
1.9232345473213037
1.7373422629120188
0.6028197079130693
-1.042970925546312
-0.3894702271323198
-0.9377899141489192
1.0171705901433494
0.031796895872936215
-1.2909166215271717
1.3447121226821759
-0.8740368729350441
-1.03109789489657
-0.8434273184019023
0.8510834619831797
0.9364517545648052
-0.7868084440575189
1.1122197335297113
-1.2683512820951943
-1.3722140182551725
1.007395707958791
-0.17951293711570537
-1.1317647929098777
0.48578693162267195
-1.4338267540164198
-1.0768933431006942
-0.0423969615671842
-1.1246727297887977
0.2747922717836193
1.2766193224989792
1.157351466844863
-1.7596133208621976
-1.5042835290061447
1.15391351586872
-0.8854786368924934
-1.9046955576054025
-1.8199184189820685
1.4449681891232848
-1.3209102218706161
-1.3802573882816245
0.7501460471803445
0.5672971072426476
-0.4319125964430097
0.8716196349607204
-1.8613852136170208
0.15687269622009659
-0.11873318487065232
0.5048303737534972
0.8639526678590661
0.3736945188692302
0.9715711730016681
-1.4987895078602467
-0.5461084233134512
0.27872596952141215
-0.3083056099953012
-1.358658005699739
1.0600645725865792
1.4643509234831886
-0.2639548947887165
-0.988420910886187
1.0098738528612534
1.8534029638100273
0.7045445823216445
1.7097289190636067
-1.945174396970443
0.9105306593670051
-1.9652906978068625
0.5232717433253748
-1.4822624124877297
-1.1496971125953719
1.7403194387151175
0.12106672014616748
0.07121018922424938
1.6165206896436901
-0.9768611133239062
1.6503001374884523
1.1135249976377022
0.26874764370918935
1.6178420335567885
-0.107208461282434
-1.1147173964306272
1.9666464887353516
-1.8763325726523838
1.7585158914900725
0.5975382801629117
-0.7500227026109934
-1.769822520126906
0.6741466442506017
-0.2802870809715463
1.497544047142512
-1.963520848357697
1.7165190285855276
1.4195930626789415
1.9896912578017383
0.02367814503897847
-0.8174372329037296
1.5867287854385985
-1.0713721797256994
-1.0387981191765876
-0.8761393643516957
-1.5095583925154612
1.8868160403946854
-0.7661462728122048
0.46336551712676455
-0.7360572523538367
0.43651221091285075
0.8039217157778
-1.6695198414321992
-0.019250201068221617
1.2452148992744427
0.10395619491648755
0.3163642300273515
-1.887210639293576
-1.2893916871236186
1.541676264838037
1.5572306751164686
0.046267708816901454
-1.8263641406441846
0.15611765400096322
1.4446974321693955
-0.44205447530019626
1.5301843173220733
1.2183221047804276
-1.0188126013040817
-0.8963568282982082
1.8977347347858462
-1.1624180619413749
-1.7827457026844438
-0.306864455989881
-0.03880175577415779
-1.2964578750657854
0.6183066910190655
1.8139498490591075
0.6978265516756603
-0.9679309401168572
-1.5672883381879048
1.604416226152238
-0.2042184734511321
-0.8968417467810577
-0.6384962962903002
1.8392507622449372
0.5217093631865537
-0.1348816533599364
0.2898061278802917
0.839288016255662
1.296001927902593
-1.3314803997252769
0.3937925453730302
0.972859196661795
0.6298836118250395
1.200035256070075
1.2067123082558169
-1.7480361623398353
-1.1700445352965998
-1.2659303973141878
1.021386219950387
1.2767851358147877
1.7716744016222554
0.22605987289129104
0.3103232294666274
-0.7566181445911422
-0.07701389266626935
0.08758293198070666
0.6987343678524267
-1.2525563914794775
1.8978972618158743
-0.9604751133167388
0.06761808188225382
-1.6261423510501198
-1.304835306819724
-1.827862329975709
1.8700648331877483
-0.28263377330457073
-0.33645391670110136
0.020550568429104743
0.26308070094294367
1.0764938108804474
-0.9453883956031381
-1.3674287707025776
1.5253376336448268
1.8163296115150356
-0.16010398244126867
1.9677048990578379
-1.616307091559114
0.8939735490532947
1.2543392039106442
1.316550698816949
0.967594994718636
0.46500964357085994
1.2749106381064585
0.3894532482205024
0.767716839384291
-1.552948683543864
1.527914126849423
1.9605935580542395
-1.9530692916263868
0.5250856003812632
0.8534554731215684
-1.9724122366093582
1.693250630811622
1.0775531453396363
1.3464436362909256
-1.05366890488943
-1.7445224098842953
1.2220680224795317
1.3127775844601932
0.11646963780572062
1.7918013517682407
-0.524614278723734
-1.469016376785894
-0.6841589046077403
1.2704222071102635
0.5265512484976891
-0.796916928280067
-1.915276696793215
1.5362464907325268
1.0677048777023548
1.3071225897450627
-0.17843246335823526
0.4932652705292324
-1.4957667314200713
-0.8550363259741851
0.6206332630140312
1.4481108187063891
0.6758221682701566
-0.3151051677197474
-0.0389793178086677
-0.5843579369989427
1.1381300733003825
-0.666568965004199
-0.7263135593790104
-0.989881049133917
-1.2711114150248237
1.5792122099851644
-1.170105367818492
1.2607248455771933
-0.0747164167906722
1.2651184693788444
1.0032430445814158
1.4947176598167404
-1.354858169453658
-1.582899086880948
1.2866623469170602
-1.5017159290910924
-0.24192901220523533
0.4884548069846706
-1.0148079597363577
0.8302425961714119
1.7506070697948677
-0.743859431238977
-0.9047240087175838
-0.1101749117500348
-1.2043825260440637
1.9514101485654636
0.8698981130021086
0.12136652727523245
-0.803185669450972
1.2272218496901166
-1.561886198189288
0.3157960603473753
-0.5337310732243625
1.1236844033061244
-0.993211828485296
-1.151768501597072
0.6274597727458149
-1.8994901318150257
-1.4964504408170551
-1.4425889113668342
0.009496209368437203
-1.1446184614403183
1.9225583923194391
0.36804471602586775
-1.8169311797227925
1.8754903895949995
-1.020828116483289
0.2891966609225025
-1.244502151017644
-1.4427922965499937
-0.12856930638702257
-0.08612008872891774
-1.9194897141437393
0.7006492607851444
-1.4994025787264946
1.1099086905345108
1.6363548186719883
-0.40435918814690464
-0.6152001351503182
1.3898322923034305
-0.4881594449971005
0.5835038170665889
0.6399782319648226
1.6094627328013877
-0.054971790036211665
-1.7131087550523758
-0.4504806990504746
1.9594104180984755
1.047062265454263
1.0610087718031393
-0.37471670750821184
1.8978414120533733
-1.3198138557037074
-1.1151212197420026
1.5571472858900228
0.37288204531261604
0.50608761864143
0.2682374933999361
1.0329080651055862
-1.2160013543365449
-1.7992638463689787
-1.2907022216085116
1.6509294945804713
-1.4696370483234933
-0.8381264104691448
0.8089547661379504
1.773812909101979
1.241779797774643
1.108506197753306
-1.6480250374371375
0.5487497018724654
0.8831054427187008
1.335561050145802
-0.4068543181409412
-0.5721865624194877
-1.838183875529714
1.0306822546870653
1.2448652015938402
-1.8381576963799349
0.5038742179840092
0.25205586867589824
0.8038010903123296
-0.6102499633500358
-0.3545648079540551
-1.1375972278572908
1.1168760142652832
-1.3816915979378548
3.970537093822557e-05
-1.6293786071558674
1.4760818543878877
0.3983664230186674
0.34517469388334954
1.9432769699075965
-0.14915553645615454
0.7871167594545359
1.2051080019636276
-1.785730235926596
-0.11053843445360201
-1.80611377770461
0.24354202827582272
0.5115081614250725
0.06432255491930672
-1.7773626653284693
-1.7223912584496226
-1.5234350965659695
