x y
490 0.07761008506489686
491 0.042538954248190444
492 0.0563965313090856
493 0.07432405235346276
494 0.07743126309967381
495 0.06889395272915544
496 0.08457148137225792
497 0.08856181391355825
498 0.09265637431157174
499 0.08557507671555568
500 0.08523803899830946
501 0.06923551852636602
502 0.0824742770092493
503 0.05722908217765024
504 0.05033964595306354
505 0.06703255626854175
506 0.06638556797927132
507 0.03289893926735079
508 0.033372216539926246
509 0.06014891074507734
510 0.07628327576852363
511 0.07012343627923583
512 0.06253809490906176
513 0.08374492674348293
514 0.08355136078286216
515 0.08472664951599986
516 0.08257678228305727
517 0.08227611217771627
518 0.08680089259130191
519 0.08608815007058705
520 0.0846208822813828
521 0.07529800133017725
522 0.07730208296504987
523 0.07507608138151928
524 0.07179980084816856
525 0.0737383947023068
526 0.07495118607193808
527 0.060476215249700545
528 0.06070775930482412
529 0.035423256789698106
530 0.043117146438012684
531 0.030470360322683448
532 0.029031480398990533
533 0.06651858045907472
534 0.07038088009977896
535 0.05175823162759348
536 0.06928707853329559
537 0.05274521574717634
538 0.05947374421516991
539 0.04285463213694566
540 0.059713468588828165
541 0.03136971329844637
542 0.025662061341132532
543 0.025561620459249458
544 0.036861510306889535
545 0.06575047292993574
546 0.07209135446568679
547 0.050657149660719755
548 0.06044885947585853
549 0.05469307916945496
550 0.05468263283008958
551 0.03318335223025247
552 0.04845251463965542
553 0.061946081632953766
554 0.058367304691551755
555 0.03714642719910787
556 0.03629244062620108
557 0.047716943836708776
558 0.04929568422400058
559 0.029628506757498934
560 0.04000444249088234
561 0.03270297393278886
562 0.032317354127410394
563 0.02266501916118588
564 0.034046712637643924
565 0.028632180955566893
566 0.03262804186707292
567 0.021516489671464196
568 0.03761568368279429
569 0.034500195046902785
570 0.03144486305169882
571 0.027296227224637287
572 0.02861219300671436
573 0.033670839044122776
574 0.02809756682289264
575 0.031580966376331114
576 0.030995288303753806
577 0.02239193259339374
578 0.03753370070580519
579 0.030814394445515977
580 0.03475595936994723
581 0.031035095060678083
582 0.04609698833478765
583 0.036392538877543026
584 0.03651088272371889
585 0.033420039547628747
586 0.032962487639064265
587 0.03150808184081577
588 0.03093747582572595
589 0.03781642465138512
590 0.029298907798721192
591 0.03568604714587609
592 0.03060619747284974
593 0.026410914556168813
594 0.0464036820505551
595 0.03670084155356498
596 0.0337041945315609
597 0.040246732333820825
598 0.03054778420000063
599 0.038023942390572274
600 0.0305567945180404
601 0.1010975391375153
602 0.10919892513444858
603 0.05690549365585186
604 0.07727533972139539
605 0.10997994113157518
606 0.10304803599914363
607 0.0629869001898867
608 0.08293862113776833
609 0.11162455718833904
610 0.11520947581969067
611 0.05946193079735272
612 0.0825361958029895
613 0.07613441298145658
614 0.0792451799032349
615 0.035648514999840564
616 0.03731105240074696
617 0.03562336251920572
618 0.04404519370737077
619 0.033253383418116914
620 0.027576324868617025
621 0.035668731050092876
622 0.04185463114458202
623 0.032940943331552036
624 0.028142103416539232
625 0.03027815023707821
626 0.03352642938824468
627 0.02817943373703997
628 0.04216750060685252
629 0.031168374096451422
630 0.03224083713916775
631 0.03720887841895764
632 0.04913579953666014
633 0.16659644315683608
634 0.19159685896378165
635 0.11307422511186678
636 0.14820865802590774
637 0.18948048402924683
638 0.21062860375364018
639 0.14071805949857996
640 0.15914518300270727
641 0.1601069656622376
642 0.17229929193238197
643 0.08811246774916176
644 0.11211265054728606
645 0.06963741076335675
646 0.08685695924313011
647 0.038738042261488685
648 0.037193798187354424
649 0.0688014981391228
650 0.07885801883381353
651 0.03302752750205892
652 0.0354307749918145
653 0.07228141024011886
654 0.06367525261548397
655 0.042197107333475654
656 0.039535191448507895
657 0.03403950680831126
658 0.02630529906728653
659 0.03391077586916438
660 0.02990485952841461
661 0.03835421741109078
662 0.02793389178156542
663 0.03414888364918646
664 0.04208820647793137
665 0.02416142340882574
666 0.02697803395328174
667 0.03951839994850754
668 0.05488500909719496
669 0.04125514587865617
670 0.040834970608138496
671 0.03481454814447466
672 0.028368960721876852
673 0.029244463828522145
674 0.024931476807124115
675 0.03675312008519229
676 0.036763526831146365
677 0.05531120388522591
678 0.058311967192886394
679 0.02886003613831013
680 0.020055158884406347
681 0.0473882142612074
682 0.04524607817245614
683 0.026635968791963012
684 0.03319028756159835
685 0.11535448510481547
686 0.12567081558266605
687 0.07499955981893056
688 0.08565207425845812
689 0.13331969581406308
690 0.13621166009806468
691 0.09737500708381568
692 0.10342422705755139
693 0.07268618004050009
694 0.07596932345017257
695 0.037410274989159005
696 0.02778389828412234
697 0.02769808252021095
698 0.03210633531242262
699 0.03631869195552411
700 0.06209719814547423
701 0.042125174631303226
702 0.08060871180781831
703 0.04005792104515404
704 0.09506458982034699
705 0.033651157350679826
706 0.040706030958859094
707 0.0354776720678628
708 0.0720769932558191
709 0.04701179965512387
710 0.06347960367024669
711 0.039272879039977254
712 0.07043716902322782
713 0.0631610193626708
714 0.08025876473069503
715 0.04559979797887428
716 0.07731834085105027
717 0.050696233311353284
718 0.09037056467164033
719 0.04486343204342511
720 0.09190898594940124
721 0.040522972222304325
722 0.07595501015794444
723 0.04181013586775001
724 0.08193174525343075
725 0.02825846769709656
726 0.04439341657696735
727 0.03171591660086552
728 0.05509113879996512
729 0.02830138468443451
730 0.04138100824360718
731 0.03834441424388651
732 0.05641821463534012
733 0.03768189741464914
734 0.07616466571265343
735 0.04553168217918201
736 0.07871906454302076
737 0.06423775337068427
738 0.06981975999871569
739 0.04351840054369218
740 0.07616304473884797
741 0.04748318914767381
742 0.08561314474729873
743 0.04680867820853757
744 0.08358545550084484
745 0.06025087097209783
746 0.08361017064862969
747 0.04920310599919207
748 0.08859231433599664
749 0.045758535370347846
750 0.08845195996329282
751 0.03807941943523569
752 0.08285849436207972
753 0.05212277892311784
754 0.07345366725477176
755 0.04429527559562435
756 0.07473834675608042
757 0.041092614689573086
758 0.06601218882978453
759 0.03923610241026544
760 0.06609446215097586
761 0.044900771511118875
762 0.05804696221396012
763 0.0401968490514964
764 0.05220637809059458
765 0.11784105704557747
766 0.1251059643985795
767 0.08534665837078378
768 0.09897154070498501
769 0.05856845126068852
770 0.053334260737798275
771 0.032809262530123805
772 0.02835025934695911
773 0.024452749279863
774 0.02681266084781315
775 0.022624981588985446
776 0.03360040633977693
777 0.040807252889741845
778 0.05977584606204035
779 0.030340496879167556
780 0.05585900397121856
781 0.035293583598184644
782 0.06385179769747279
783 0.03920391639635963
784 0.061182176398402385
785 0.04581939086138843
786 0.06820198403541965
787 0.03874575868616736
788 0.07147090915592255
789 0.05072158856354481
790 0.06089968452811179
791 0.04025450701033361
792 0.07289621460374233
793 0.046352031181833855
794 0.058722414455468726
795 0.03310253841119338
796 0.060076913496209396
797 0.05876198288418919
798 0.0662392485264021
799 0.033812063338709855
800 0.07162455998558485
801 0.048099975541679475
802 0.06277039467516711
803 0.03262598784307593
804 0.08247814073966375
805 0.04710863178697067
806 0.07421850382892833
807 0.03370698929817622
808 0.07820619407633615
809 0.05452266803214812
810 0.056973552396972514
811 0.02998153460897071
812 0.08682159735128482
813 0.038949555288832656
814 0.045274318896579645
815 0.030687441790890984
816 0.06632495415981617
817 0.04633486417111564
818 0.056999639268970816
819 0.030556124882199005
820 0.06920290925122814
821 0.06593788878244132
822 0.0777225318110768
823 0.031666821771503956
824 0.06720983938874747
825 0.04256683869327506
826 0.059884170805181214
827 0.029783527215549225
828 0.04967587761892931
829 0.03460729257872776
830 0.04324397211811397
831 0.03353880368112217
832 0.04886988497181486
833 0.03206990764870373
834 0.039552753999142334
835 0.026880779606206637
836 0.043055393125374986
837 0.06526185623442357
838 0.08443358216878372
839 0.05734736497016909
840 0.07647316568621272
841 0.038301612227686875
842 0.042050469096929305
843 0.036541098599488835
844 0.04582197036555334
845 0.03765636830994077
846 0.057016290398796486
847 0.0395385686176475
848 0.05536859735197945
849 0.041486512607385284
850 0.047794398448155286
851 0.031224254558796148
852 0.0552908207651806
853 0.04085637456156204
854 0.05078995538590801
855 0.035816110332218376
856 0.05800163767956659
857 0.04297134108271187
858 0.06580714590130117
859 0.03701215693697908
860 0.059622702560439916
861 0.03069719698300572
862 0.04972920384588887
863 0.03839209529042173
864 0.054235779340338394
865 0.03878883809741949
866 0.04586217776640067
867 0.04176066275003027
868 0.0462081891620866
869 0.03751856022213937
870 0.06810489592128618
871 0.04946818952670246
872 0.05718715954038685
873 0.06573208454691934
874 0.07694790306154124
875 0.05693246644090142
876 0.07419794153743686
877 0.042747824443735
878 0.05739774800450983
879 0.03928188147441752
880 0.05195558452243143
881 0.06320049742780157
882 0.07984898426729549
883 0.05237690190307113
884 0.0630208896776216
885 0.03437413827190924
886 0.03778920949598723
887 0.04257734891240803
888 0.04111641911615523
889 0.04591820176564369
890 0.04479952993599759
891 0.0411932509506441
892 0.05920793036040428
893 0.052244050902794006
894 0.0513267800353988
895 0.049488992553757806
896 0.06050210071382296
897 0.036328757036463086
898 0.046291396414235096
899 0.04724941753086676
900 0.047640610037031385
901 0.06915266524856063
902 0.07617743464494472
903 0.05334415054186806
904 0.07198854490314378
905 0.05031269513911805
906 0.06778368833490507
907 0.04428562005426366
908 0.05418615070431139
909 0.07900122941554827
910 0.09255322909326631
911 0.05537172745482393
912 0.07579098948696061
913 0.04197591792777259
914 0.0509010194833612
915 0.04576435522030076
916 0.05374761720783477
917 0.06168284500329043
918 0.06506023873044668
919 0.058403913796499736
920 0.0624810500324196
921 0.07562252516806879
922 0.07793549524759721
923 0.06975734672338149
924 0.08167848732909597
925 0.04896181489032808
926 0.0669428964691763
927 0.044777220288700945
928 0.05101189422000465
929 0.04629152012334427
930 0.06408246732318315
931 0.04372602889778105
932 0.045128296217805786
933 0.05976803463997201
934 0.051586822442356225
935 0.04833674514560708
936 0.0492351948079412
937 0.07434848251504028
938 0.07414169795037903
939 0.06976582690803548
940 0.07343776045013284
941 0.0766436616778054
942 0.07601542827845206
943 0.07012245557503909
944 0.07518809108135864
945 0.06799689758781416
946 0.06579328147944395
947 0.06347321575261812
948 0.062120515229392964
949 0.05752743316285025
950 0.05586805657668414
951 0.04559823960799902
952 0.04294575791541715
953 0.046049460380470086
954 0.03305440624312463
955 0.04346958239538458
956 0.03258584797773625
957 0.05846465060647293
958 0.06535869644774038
959 0.06046637339111379
960 0.07019892467072258
961 0.05321541722415383
962 0.0585151539932256
963 0.05297448466583677
964 0.058546989025691096
965 0.033768671647918934
966 0.031186253157236256
967 0.027169674345692826
968 0.029334702794589416
969 0.07139095646427719
970 0.07694677753039719
971 0.053002707873605094
972 0.056983347714909406
973 0.055151911687731536
974 0.054564968371703326
975 0.04003328411242992
976 0.03364777989208092
977 0.06525910028753629
978 0.05547370529759568
979 0.03442193393506834
980 0.05069196828476302
981 0.04859187089217579
982 0.055600482490959814
983 0.032058747118905606
984 0.04186392561297481
985 0.04232761239702145
986 0.03629310548109822
987 0.02277528084109972
988 0.03694073615044634
989 0.036234652563953404
990 0.02985876045023918
991 0.026964386895753013
992 0.04235925735758141
993 0.043992838909304714
994 0.045940385330391444
995 0.03116904729922864
996 0.032148660501770114
997 0.030220268104700326
998 0.02903401074061373
999 0.02977942472785516
1000 0.030951591779666346
1001 0.02843887610535104
1002 0.035782026632534464
1003 0.030288800836616673
1004 0.049313213321308697
1005 0.038601084109289245
1006 0.07213081565493203
1007 0.04087062603440912
1008 0.0512685033225457
1009 0.03756887564937376
1010 0.05705987393439589
1011 0.03860018134650324
1012 0.03418053856714333
1013 0.10232652942286335
1014 0.12017513834232023
1015 0.06366277527761036
1016 0.07560624158101521
1017 0.11886587918973829
1018 0.13711058583637717
1019 0.07150738529798677
1020 0.09349568523901405
1021 0.06633734941335936
1022 0.09011896407679977
1023 0.039742780403423675
1024 0.04534931443368673
1025 0.11193460942812387
1026 0.13057999870063067
1027 0.0723551345866605
1028 0.08593162062780044
1029 0.041848622390042896
1030 0.06842860499985484
1031 0.05948744403867002
1032 0.06500388315179478
1033 0.05264594270401652
1034 0.06377570948304093
1035 0.044753193809881645
1036 0.0419326495865715
1037 0.06182547563772879
1038 0.06364016809958256
1039 0.05911984366829686
1040 0.07510373061088071
1041 0.2715916257232126
1042 0.2866743625602544
1043 0.25395248360462935
1044 0.28124087462878805
1045 0.057180662094594596
1046 0.04803116268114205
1047 0.03900152575047457
1048 0.04866157248520222
1049 0.030622988361686615
1050 0.0289166739792531
1051 0.03123831662179924
1052 0.030658710186244626
1053 0.1306187534264611
1054 0.15322426777468048
1055 0.06793628602981851
1056 0.10342026139412815
1057 0.04517689539339253
1058 0.050476299174929115
1059 0.04647765956824675
1060 0.05198565303059536
1061 0.04302141224112032
1062 0.04016303621780211
1063 0.039046991212067436
1064 0.0321459717044344
1065 0.06610611049721306
1066 0.07502087249237323
1067 0.05435534374625151
1068 0.05254717061747093
1069 0.028672145669947146
1070 0.0248646725350512
1071 0.026864106741973884
1072 0.030524678882378184
1073 0.0325500902075337
1074 0.030245424324864868
1075 0.027923046464935524
1076 0.03376465086345184
1077 0.03014025532727612
1078 0.02835880951688382
1079 0.02739656692102707
1080 0.030848076801715838
1081 0.03015696740556262
1082 0.028134633849444358
1083 0.02619390854531709
1084 0.03252264323798848
1085 0.0276107890948823
1086 0.02325035893963191
1087 0.026538697691893317
1088 0.027692814683690895
1089 0.030659175779881687
1090 0.02438612566499772
1091 0.024326714108136163
1092 0.02799024967146149
1093 0.03244617611024374
1094 0.02845976297227394
1095 0.03182791119460071
1096 0.029656797608674856
1097 0.08420114740837371
1098 0.08542798554509803
1099 0.06858424865571802
1100 0.06616869603370568
1101 0.06984278396656575
1102 0.07370570758620286
1103 0.06441999165825438
1104 0.05578151791808224
1105 0.13337660241833973
1106 0.15133095491703882
1107 0.11013679241347035
1108 0.10560078701042225
1109 0.09263178825264712
1110 0.09849237191307697
1111 0.07234284630253231
1112 0.06363698509633484
1113 0.08731075239367975
1114 0.08437621097783303
1115 0.06153608947993359
1116 0.05803261670722043
1117 0.21651108818969614
1118 0.21622338768454155
1119 0.19799538153882518
1120 0.20000823279864915
1121 0.22968157898975494
1122 0.22742074713980276
1123 0.21244034278043838
1124 0.2158851975253088
1125 0.2153785483520247
1126 0.21858568704501816
1127 0.18634760968837885
1128 0.1954230246200043
1129 0.1837550585690154
1130 0.17617077076603094
1131 0.12979219056184194
1132 0.12270418655577284
1133 0.1200423462313079
1134 0.11671980363641407
1135 0.0625815088921108
1136 0.052317565999057396
1137 0.047430870268745595
1138 0.038310926032309386
1139 0.03186915517013207
1140 0.04044438588010389
1141 0.03678193817415271
1142 0.03385827633924631
1143 0.026575785588072946
1144 0.03289655719746866
1145 0.07033046692465608
1146 0.06914222219711995
1147 0.06201475316965586
1148 0.06772184167874708
1149 0.036020913865540065
1150 0.029788656306678984
1151 0.03531303376008686
1152 0.04491071358785454
1153 0.051824770108759285
1154 0.04557763160506497
1155 0.03591696038473666
1156 0.036800858965951255
1157 0.11318583335370849
1158 0.10405977642376464
1159 0.08663603806480519
1160 0.09071782089987478
1161 0.16678546712084405
1162 0.17129254186594473
1163 0.0958076675238627
1164 0.12788231393375857
1165 0.09409339140378808
1166 0.08896050687227552
1167 0.05669573260002604
1168 0.06985394569882762
1169 0.15591705444628098
1170 0.16598692178569974
1171 0.09317048521251063
1172 0.11648286853675084
1173 0.2494293432939782
1174 0.2428164672228219
1175 0.12427922512057672
1176 0.14325497078393157
1177 0.26427195433829315
1178 0.2580159510347357
1179 0.24070127655321544
1180 0.2378985059738185
1181 0.2747196940375558
1182 0.27333131226922647
1183 0.2734493475790849
1184 0.2734174003264171
1185 0.26158060546567463
1186 0.2581108978662464
1187 0.2561199574003693
1188 0.2559953283347149
1189 0.08007203725047427
1190 0.19013466154267777
1191 0.07612460085684929
1192 0.04641665211091406
1193 0.22964437715116462
1194 0.1825232146739698
1195 0.18373355317833165
1196 0.18840378507155234
1197 0.1777707140143006
1198 0.14303378556834873
1199 0.1757207112989793
1200 0.2077636005013761
1201 0.18702738761997006
1202 0.19377916058366568
1203 0.1782516866887656
1204 0.15638747243178733
1205 0.03716044734736715
1206 0.17685550084036095
1207 0.17192788174991605
1208 0.18153860446862574
1209 0.07204114194168205
1210 0.18386545589532124
1211 0.18865171843374445
1212 0.18989895634629542
1213 0.07564747590120456
1214 0.18330259011682667
1215 0.19125530446449138
1216 0.19336592220757076
1217 0.18915427890194503
1218 0.07864145287825244
1219 0.11744919320207434
1220 0.15239714065806423
1221 0.10540425282845198
1222 0.07291373421908308
1223 0.09844166493102711
1224 0.124549018634666
1225 0.11017276012085371
1226 0.06775029026203237
1227 0.09685661251312393
1228 0.12323895336945463
1229 0.07890090928753202
1230 0.048782026162339585
1231 0.055750192802555366
1232 0.06234371706871996
1233 0.06503521208577895
1234 0.11312251583985165
1235 0.1252620517171382
1236 0.12623195898033238
1237 0.15958108520951983
1238 0.11750800050168148
1239 0.0972801232818076
1240 0.08084099793217508
1241 0.07081982768865548
1242 0.048777185567456485
1243 0.04678605260157613
1244 0.058477774217185675
1245 0.06418150955400298
1246 0.18866333755410927
1247 0.20361157961307197
1248 0.2225075035460389
1249 0.1341107319720929
1250 0.08853050581086631
1251 0.08456062059056449
1252 0.08467199835090937
1253 0.05780831484923486
1254 0.06099774306361937
1255 0.06500410023248536
1256 0.06909015810038376
1257 0.16469489641196283
1258 0.1813233320608016
1259 0.17322667701628677
1260 0.17346718805401662
1261 0.06031712208845941
1262 0.04965237455184783
1263 0.05192020513649327
1264 0.06270707746917556
1265 0.13408761290005733
1266 0.10689012952454807
1267 0.11105752422891664
1268 0.10815551252623998
1269 0.06740424329148204
1270 0.055543588974743895
1271 0.05643154851238962
1272 0.057047611360762224
1273 0.048487075818624895
1274 0.04612054945880482
1275 0.04612047683639201
1276 0.0448972037318555
1277 0.07625493013237973
1278 0.09636539180735075
1279 0.1099586334739086
1280 0.12145010681431452
1281 0.04862123870158248
1282 0.033411354455442896
1283 0.04145698243242287
1284 0.05106416733451852
1285 0.08795725226789626
1286 0.04773488763160552
1287 0.0427527709391225
1288 0.046401496633549685
1289 0.14237005493730567
1290 0.21525496374947223
1291 0.21545494927123807
1292 0.2075966163750958
1293 0.1156517114752109
1294 0.18283507155877635
1295 0.2018656455969344
1296 0.20677922471472793
1297 0.2650135368538163
1298 0.07831072324260759
1299 0.15682667845083256
1300 0.2125849606491671
1301 0.1307193515320594
1302 0.27870678881303984
1303 0.2651854928875794
1304 0.25099777786812655
1305 0.11554956080951177
1306 0.14024805315400093
1307 0.1549293510573188
1308 0.17102722829404934
1309 0.24322281889997052
1310 0.1914824076045451
1311 0.16851891386095585
1312 0.14949478874687164
1313 0.061405714336105005
1314 0.0648690941933491
1315 0.061588525976056414
1316 0.059018524996606404
1317 0.052330248451901366
1318 0.266864035841793
1319 0.27347667828059147
1320 0.2771327762703907
1321 0.283891353827264
1322 0.03648123416194941
1323 0.1594489737051197
1324 0.20740423903669158
1325 0.2912026975584276
1326 0.29107150568153956
1327 0.2895749866156078
1328 0.29048768015464915
1329 0.23054348124991741
1330 0.21138417697016298
1331 0.20230800022109918
1332 0.2040999396284435
1333 0.07385290711028454
1334 0.20199505530518141
1335 0.21870234430840524
1336 0.23049069379561413
1337 0.24833978371902374
1338 0.15085941601708813
1339 0.10738228185057502
1340 0.047222660907141556
1341 0.1831099148988687
1342 0.18303010305282708
1343 0.1825220689268025
1344 0.18111561522912492
1345 0.08117499521655842
1346 0.07204969554202628
1347 0.07207276095976936
1348 0.07371674051105409
1349 0.07518649573175286
1350 0.028986551373411426
1351 0.023228177004348434
1352 0.023181936033489146
1353 0.10100534971609965
1354 0.2760785085393301
1355 0.28052956227456244
1356 0.2819559573146297
1357 0.11843970364953395
1358 0.057244093823024034
1359 0.06917186588994588
1360 0.07485387631566102
1361 0.059025433229320086
1362 0.15699700210718529
1363 0.16794777918653753
1364 0.17320507451594133
1365 0.14469741673230643
1366 0.1362177571783956
1367 0.15695487977968053
1368 0.16726883460297906
1369 0.22319536279230087
1370 0.11651125774453314
1371 0.08855625401704126
1372 0.06182025672697217
1373 0.14859175964153634
1374 0.2706062230753536
1375 0.27146740320699203
1376 0.2643559590559823
1377 0.22934950930795117
1378 0.04338145060603217
1379 0.10346587821445026
1380 0.13030352350360566
1381 0.15079385479721025
1382 0.06418095392700926
1383 0.09610366089394723
1384 0.12019877194294626
1385 0.06806740578258072
1386 0.09426512620085818
1387 0.09629944873026652
1388 0.0994667002877086
1389 0.039136739160102435
1390 0.1826254026701647
1391 0.19847165183516843
1392 0.21202303521068633
1393 0.21358393789120828
1394 0.08279927479951468
1395 0.06261279899570692
1396 0.050338532147240815
1397 0.1279377222738589
1398 0.221924150177072
1399 0.24941486679238453
1400 0.26118502212163697
1401 0.10088567544765466
1402 0.11962381831704577
1403 0.15042785406904766
1404 0.16571124839796497
1405 0.20559571316389613
1406 0.16399794669347864
1407 0.15126762145877917
1408 0.14100536186058857
1409 0.029504865872321904
1410 0.1346428389744659
1411 0.13809018596882316
1412 0.12851178930560575
1413 0.15553931663255338
1414 0.13201675748036026
1415 0.1123866540641681
1416 0.09908226028318182
1417 0.07862232312451217
1418 0.10578303800880183
1419 0.09868200695029274
1420 0.11006553948542569
1421 0.08542449781649869
1422 0.1062928376268289
1423 0.11754036539925275
1424 0.12728562002507962
1425 0.049494862138989335
1426 0.12070513301212982
1427 0.13196387320995118
1428 0.14227125265351237
1429 0.1660599300482814
1430 0.055665691229658525
1431 0.06922721386401524
1432 0.09347661662376906
1433 0.10118898924149745
1434 0.178721867733344
1435 0.20929118688079287
1436 0.22839393812971423
1437 0.1803865211047491
1438 0.2712303074978969
1439 0.27773459852477356
1440 0.28279371666480435
1441 0.27013888396232355
1442 0.14444270514425128
1443 0.12594189192244148
1444 0.10238788225781985
1445 0.06524023729389808
1446 0.05209691491167556
1447 0.05040864980185598
1448 0.048460975659866255
1449 0.1162868417614795
1450 0.11079282573272348
1451 0.09298413517085972
1452 0.0831450135626091
1453 0.07105576555203386
1454 0.12786063125728547
1455 0.133260869033612
1456 0.13877935560968588
1457 0.11344019929623918
1458 0.19709776176114863
1459 0.21856358855919278
1460 0.23629678921609282
1461 0.10553460483851168
1462 0.14753572473883614
1463 0.12041509080548621
1464 0.10246921570089486
1465 0.0607223036089161
1466 0.06090263126540433
1467 0.05977011796171943
1468 0.05916636087320165
1469 0.0544076029168456
1470 0.09102719303765845
1471 0.09140902416970312
1472 0.0901218849800118
1473 0.1414974042937185
1474 0.12707220268250352
1475 0.038731300157832334
1476 0.053923707150987155
1477 0.14878718274360325
1478 0.21924162550009452
1479 0.2337858341551189
1480 0.24305618048939312
1481 0.06968604448661483
1482 0.2958902087902495
1483 0.2961727680461683
1484 0.29271616782395865
1485 0.27405446953988943
1486 0.06325552504667027
1487 0.05893435631368775
1488 0.08743715543650557
1489 0.1022590520749907
1490 0.15264199406250892
1491 0.19472769608894108
1492 0.22792091886764623
1493 0.13948612036830982
1494 0.09205311612160111
1495 0.1265413527061459
1496 0.16156244914474546
1497 0.09485857540766662
1498 0.14824373186454567
1499 0.1740601221707614
1500 0.19438152534104738
1501 0.227393324678202
1502 0.17447094621702317
1503 0.15636988638124844
1504 0.13669336922550632
1505 0.08118032602536479
1506 0.17268965869916364
1507 0.1757467758118738
1508 0.17629822515450408
1509 0.16186897102858397
1510 0.08826880425448771
1511 0.10610644469879468
1512 0.11679738907003694
1513 0.051036305287078296
1514 0.2133147788080862
1515 0.20508464151019992
1516 0.2029410878991453
1517 0.06639155508340644
1518 0.06706041293155579
1519 0.06740543382395765
1520 0.06688129527377479
1521 0.07118820044666613
1522 0.07747224523803525
1523 0.0785179771652075
1524 0.0790333364780226
1525 0.05036453820314087
1526 0.07059696092826402
1527 0.07322702260729926
1528 0.07468184969711726
1529 0.06514670385008496
1530 0.09463181295318134
1531 0.10846345157130828
1532 0.11306160135027161
1533 0.18732272938704694
1534 0.13849266330546323
1535 0.17415517285555454
1536 0.19591464275103274
1537 0.14996867254258742
1538 0.05451910416319188
1539 0.055912748388281086
1540 0.05832479789408872
1541 0.07544899471097861
1542 0.10685329569265009
1543 0.09816233302986967
1544 0.076461445794092
1545 0.11719352652989673
1546 0.08113485760550633
1547 0.06740377728154243
1548 0.05465178875843804
1549 0.2082838463894835
1550 0.20313873891310677
1551 0.16008427627757477
1552 0.1163842648238753
1553 0.20016166424851978
1554 0.2866558686418441
1555 0.2913336802057372
1556 0.2843101759960305
1557 0.23262859844929254
1558 0.13272014387496
1559 0.16763887350225376
1560 0.18523769031673992
1561 0.1208170447773518
1562 0.1909832624875161
1563 0.20561437575941394
1564 0.21890394672662156
1565 0.07807648034762635
1566 0.08112955282537429
1567 0.07936176688207033
1568 0.07776044893587067
1569 0.03973612780291888
1570 0.150516392305455
1571 0.16361262910003424
1572 0.1826205351704484
1573 0.17987707237206269
1574 0.05390783496712883
1575 0.06677350443931161
1576 0.0692280746583859
1577 0.04695897800960211
1578 0.19831150745880385
1579 0.22132730071009346
1580 0.23381912808609984
1581 0.2695486944667689
1582 0.2730706447212083
1583 0.27109943289822047
1584 0.26727035859118536
1585 0.15345791180727128
1586 0.07581568436367088
1587 0.0738896886601522
1588 0.07223299111933956
1589 0.07398881558626215
1590 0.11578287674081042
1591 0.13585556856067135
1592 0.15186622464196803
1593 0.17519137990973704
1594 0.1419173417414744
1595 0.12650869193096806
1596 0.11369596351157923
1597 0.12348070253940321
1598 0.11953552242579579
1599 0.09770944566845857
1600 0.09339679506076481
1601 0.07943601392050523
1602 0.07489347299016898
1603 0.07447760183355731
1604 0.0744940117592368
1605 0.06674906969458394
1606 0.061769763245026026
1607 0.06209003875261084
1608 0.06301732051508334
1609 0.053263037978733885
1610 0.060166739205802226
1611 0.05805917310468674
1612 0.05580248658530327
1613 0.04079081569003243
1614 0.04377222813704012
1615 0.038846673108519844
1616 0.038788661164540605
1617 0.18136146597482936
1618 0.1497706445346361
1619 0.15022114083016946
1620 0.1443228020787082
1621 0.05901621926773587
1622 0.10659935252071055
1623 0.11783127103438767
1624 0.13023105102220303
1625 0.12784968280227454
1626 0.09797244324630769
1627 0.09827117131010973
1628 0.09554428477196036
1629 0.06293303803225087
1630 0.05636246047513617
1631 0.06958884267077711
1632 0.0832594282126644
1633 0.0893399645586056
1634 0.0526911687168828
1635 0.05844613968191696
1636 0.08004567233984675
1637 0.2025865581548511
1638 0.18263546567552516
1639 0.18097354204428914
1640 0.175729773987323
1641 0.14085674616318433
1642 0.13866639977796208
1643 0.13865392409197164
1644 0.13939367541317393
1645 0.09907199818840512
1646 0.08258239025614558
1647 0.08014863011055733
1648 0.07916877847975
1649 0.10193638897447257
1650 0.17117498893882477
1651 0.1836995448002265
1652 0.19755278123301417
1653 0.1880298068781866
1654 0.16101276353776822
1655 0.14364593641931064
1656 0.12708752636206994
1657 0.06279165990765706
1658 0.062230775776695176
1659 0.0628934979876317
1660 0.06324782604715216
1661 0.06081345109991181
1662 0.062456950465280575
1663 0.06378077277201592
1664 0.06508014046356869
1665 0.05623845874886676
1666 0.04004873187795747
1667 0.03910233153986196
1668 0.03915405265783819
1669 0.03962358942890594
1670 0.1556552134815365
1671 0.18744257541938864
1672 0.2184737819615484
1673 0.19408370071436756
1674 0.11252875128329938
1675 0.1425737855452888
1676 0.16110784430860756
1677 0.24683918642433264
1678 0.19134812979841817
1679 0.17742089735136266
1680 0.1632666777359573
1681 0.07576285757811953
1682 0.06466715947349119
1683 0.0862627470724055
1684 0.10349153816160557
1685 0.13229645078778385
1686 0.03942327143073157
1687 0.06408770849603
1688 0.09084696607146256
1689 0.11038666203562203
1690 0.15951227155774703
1691 0.15847809067659885
1692 0.1632886280669574
1693 0.08436580671941281
1694 0.11905292954085797
1695 0.13967533000969298
1696 0.153086537948758
1697 0.18974044946489865
1698 0.1726804288999901
1699 0.15211081056872042
1700 0.13319399196970086
1701 0.06904714609043679
1702 0.2614665813410137
1703 0.25283754438923833
1704 0.24555377818329865
1705 0.2417519575396592
1706 0.1844652863151073
1707 0.17265817781073353
1708 0.1635308456519435
1709 0.10386506972652286
1710 0.07051001798463166
1711 0.07160104344699529
1712 0.0732875725994877
1713 0.07050252200313913
1714 0.07461614744525412
1715 0.0743436291251369
1716 0.07539757563204022
1717 0.07278527548353625
1718 0.04873434317685822
1719 0.04732795603571912
1720 0.05798362182721154
1721 0.08926633340401985
1722 0.1867915295824506
1723 0.24201207074627606
1724 0.2775455865934491
1725 0.19598405366298396
1726 0.2250405510215539
1727 0.2281640771073336
1728 0.22992192664745445
1729 0.20223277517960175
1730 0.09457329397231788
1731 0.12230848784360943
1732 0.14562524554292258
1733 0.08291502877657801
1734 0.20516490104031673
1735 0.21893154946704155
1736 0.23060896843970083
1737 0.22995422945235688
1738 0.13237828603804536
1739 0.17990128156335577
1740 0.2138991974822345
1741 0.33234698608374585
1742 0.2821043325757687
1743 0.2706504170601551
1744 0.2628632074017282
1745 0.21730485510094064
1746 0.24883891974229683
1747 0.22244165776229047
1748 0.20304491076168882
1749 0.06782257507796612
1750 0.07820313637767283
1751 0.07547196884218221
1752 0.07410027012051919
1753 0.06546432045577387
1754 0.06973383506934275
1755 0.06779080081395417
1756 0.06572222693655651
1757 0.03645140619552278
1758 0.05502692853286595
1759 0.047764492426172346
1760 0.04705930874937169
1761 0.03247867194819411
1762 0.15293498157979954
1763 0.17128460793142494
1764 0.18560536651876303
1765 0.06671443868696814
1766 0.09538327288879349
1767 0.10209198154215622
1768 0.08390261809903687
1769 0.048699737276119676
1770 0.07564055382014988
1771 0.08226480710284115
1772 0.08493286182924409
1773 0.18297315166323438
1774 0.1834077051012913
1775 0.17074900173922097
1776 0.1492257398919411
1777 0.07716871528699407
1778 0.11561097968510799
1779 0.10816981056811541
1780 0.1100119853071345
1781 0.09687942107221935
1782 0.06999417538556703
1783 0.06312817187304448
1784 0.05816854475951188
1785 0.06988050958678252
1786 0.06603270882315301
1787 0.07720718701814255
1788 0.0944043695877774
1789 0.10131831618235211
1790 0.03229025176173746
1791 0.033538976775527966
1792 0.03363212127794806
1793 0.20174672228675433
1794 0.1866399735760064
1795 0.1781905390699472
1796 0.1573315395876874
1797 0.16739623242742957
1798 0.07992684030555659
1799 0.04465062092122178
1800 0.033281461056377484
1801 0.08565669382809254
1802 0.163868212143264
1803 0.16346340186691757
1804 0.16406045543775163
1805 0.2053105543388964
1806 0.2623412349635225
1807 0.27223511555316793
1808 0.2815543575536735
1809 0.1782802032486278
1810 0.10850852668409948
1811 0.10467302574247922
1812 0.10102180188462503
1813 0.08705418169000011
1814 0.10259429471320519
1815 0.10314123483886356
1816 0.11303713300926324
1817 0.08981900008106987
1818 0.06288685093615828
1819 0.06666499156615449
1820 0.08792661533068469
1821 0.037626162758012525
1822 0.05187323062900251
1823 0.0571639506856603
1824 0.0632538681087034
1825 0.12536221349861182
1826 0.0775412944294604
1827 0.07138019585065684
1828 0.05962058845241781
1829 0.06773878878183508
1830 0.044923606772411744
1831 0.03972714707116056
1832 0.03714798549637516
1833 0.061256241409938586
1834 0.10555597621695247
1835 0.1122240305941711
1836 0.12285175774379498
1837 0.09654264389018358
1838 0.09697318825022422
1839 0.10170196680043626
1840 0.10831614558388936
1841 0.05291334170480763
1842 0.05520339922728284
1843 0.059330670567444864
1844 0.06716263219011423
1845 0.07633181100683052
1846 0.0855882266954325
1847 0.08780500565909813
1848 0.08960039978737411
1849 0.1292348245865851
1850 0.0914329852631958
1851 0.08814336689569606
1852 0.0847766500923788
1853 0.08568419079361103
1854 0.10136757100287855
1855 0.09648483676392097
1856 0.09361064987813378
1857 0.10223824140027961
1858 0.07438178567785779
1859 0.05663131868814027
1860 0.043810538507556125
1861 0.04596190780887561
1862 0.044362009929729565
1863 0.05309439685784172
1864 0.06241764019409194
1865 0.17674883263470434
1866 0.28894170589477103
1867 0.28153401032939346
1868 0.2701441618303635
1869 0.17565173577674834
1870 0.14727646712583262
1871 0.13223656388386998
1872 0.11920665231586094
1873 0.15814776115439
1874 0.27732430347213627
1875 0.2651455603498692
1876 0.25720072468937083
1877 0.2908956427165931
1878 0.3167491342242259
1879 0.28517698907250344
1880 0.26003825459915025
1881 0.14656770813883185
1882 0.3317118197820376
1883 0.34129384951961966
1884 0.3465558411807389
1885 0.4011830075219134
1886 0.3966684968107895
1887 0.3864245566852686
1888 0.3785015885900479
1889 0.11605807384585946
1890 0.1476207168203981
1891 0.17456536027200245
1892 0.19370026997118928
1893 0.3023506020552093
1894 0.3125362878167027
1895 0.31104941002270525
1896 0.3061151641331935
1897 0.121183369832476
1898 0.150797629148847
1899 0.18687033317754626
1900 0.21309087626752582
1901 0.2663874627584368
1902 0.26720302479447955
1903 0.26653195583291345
1904 0.26530633274636706
1905 0.23481438539462376
1906 0.10310134272952624
1907 0.09328743703940635
1908 0.08678578207029976
1909 0.12492253368453979
1910 0.2383712857043114
1911 0.24718448305808724
1912 0.25665287356426775
1913 0.20772460119680788
1914 0.2129087441356039
1915 0.21303132213736747
1916 0.21266603576137239
1917 0.039394573321686256
1918 0.2073376998203751
1919 0.21758515757003566
1920 0.22468565853814212
1921 0.14921478649827385
1922 0.0851452051118025
1923 0.08682322306926238
1924 0.08986341103237211
1925 0.17455728864138023
1926 0.2527095882908911
1927 0.2514153096307521
1928 0.2457187753802047
1929 0.18830614364469145
1930 0.057812658794353884
1931 0.0357838433823084
1932 0.033414685728627415
1933 0.21293918232040995
1934 0.29372755052908156
1935 0.24518116736625156
1936 0.18447954836803007
1937 0.1540715623436692
1938 0.033907375070993596
1939 0.027705611991360974
1940 0.030659424417196053
1941 0.060960178679458854
1942 0.05105813465177092
1943 0.05016716173455381
1944 0.0724563679828303
1945 0.058615254848565904
1946 0.11796082198667975
1947 0.11191033037544408
1948 0.10903426615291804
1949 0.10568862778644803
1950 0.19435443264714963
1951 0.2141367958221214
1952 0.23163898899067126
1953 0.10876689206635652
1954 0.14379510287996544
1955 0.15731215534524498
1956 0.162752091897872
1957 0.14667328566681329
1958 0.08740722389803532
1959 0.0875360643775965
1960 0.0881597246726648
1961 0.16432701427656338
1962 0.2779292980770403
1963 0.28620971983902166
1964 0.2899574846093861
1965 0.22394078175001145
1966 0.19497329006738456
1967 0.18735951420334868
1968 0.18182943024712622
1969 0.06537329791076722
1970 0.17694701573953328
1971 0.1722292986891792
1972 0.16686255204766903
1973 0.16774540205233607
1974 0.20828378813434634
1975 0.1997247785994817
1976 0.1978694792247793
1977 0.03640851879782098
1978 0.1159778094425817
1979 0.12205896889212269
1980 0.12187155320325216
1981 0.09297234234428213
1982 0.04312839421752574
1983 0.03223613283500927
1984 0.029983686787460898
1985 0.09663644304707951
1986 0.173634270749928
1987 0.16459743078674005
1988 0.15291035321057492
1989 0.15860854365916122
1990 0.15372534091777093
1991 0.14175066637266767
1992 0.13686431580306999
1993 0.05591797737897588
1994 0.05015563276529141
1995 0.03954265968148942
1996 0.04179028932149019
1997 0.10926989032239387
1998 0.21062039334548488
1999 0.21193462288861517
2000 0.21384549861212415
2001 0.14336960068094104
2002 0.05059199868805401
2003 0.055144062525244696
2004 0.051032756791617485
2005 0.10349067585385392
2006 0.08501937691613191
2007 0.07720616240790366
2008 0.07608047313828833
2009 0.07144834230710866
2010 0.04439737526359982
2011 0.0800751919888311
2012 0.12001160669210327
2013 0.14442307464658963
2014 0.053854067265828545
2015 0.05310819137328237
2016 0.05417591238244934
2017 0.04867059974063858
2018 0.1173276527999494
2019 0.14141136826173686
2020 0.16173159440010726
2021 0.09650826185243319
2022 0.03510527739625033
2023 0.0343501437259346
2024 0.03551811496637493
2025 0.039736746888061975
2026 0.05532016481768857
2027 0.06160069533858747
2028 0.06839883286911877
2029 0.07364832264282305
2030 0.07884739545897557
2031 0.09792314692359154
2032 0.11793843128369356
2033 0.0556751227742634
2034 0.29674394694189515
2035 0.28287182862929683
2036 0.26240786201930877
2037 0.06832410243389792
2038 0.16660974503283024
2039 0.15320828209954618
2040 0.13515245320403343
2041 0.21430218810156396
2042 0.2591670373168809
2043 0.25869273657638175
2044 0.24897557091358197
2045 0.10037047074538981
2046 0.13922330162917307
2047 0.1473807036939986
2048 0.14959019845480537
2049 0.09503223635676412
2050 0.08885478537618886
2051 0.0823627466573292
2052 0.07377526715748094
2053 0.14470003357574707
2054 0.09983647861465314
2055 0.09050613487371703
2056 0.08064578457998829
2057 0.18178730965523637
2058 0.2967924483557065
2059 0.3030740885110842
2060 0.30591529141890816
2061 0.24790651437229183
2062 0.07850455094025069
2063 0.06441566395356636
2064 0.05899330984004069
2065 0.11075500374633722
2066 0.11161810185737558
2067 0.11153510903015709
2068 0.11039652018200419
2069 0.09114782568127451
2070 0.11168443532841256
2071 0.10009539220841654
2072 0.10045932344287585
2073 0.03753401995585888
2074 0.03288786454042487
2075 0.03378272175703838
2076 0.036178786406314965
2077 0.046270315124288995
2078 0.05291063669742282
2079 0.06777285448180587
2080 0.07765750469417071
2081 0.13020500680342412
2082 0.11905617789520825
2083 0.11337411763606733
2084 0.11119289062720895
2085 0.07558758747543444
2086 0.062318805145650406
2087 0.09756033715547652
2088 0.11071623684688912
2089 0.11522194848486648
2090 0.05488573352157383
2091 0.07108757582654902
2092 0.08745589783358947
2093 0.049050969726269454
2094 0.09764221958584668
2095 0.1152974787346479
2096 0.12887786160174594
2097 0.08904110539758286
2098 0.059222585459165034
2099 0.06470558243519164
2100 0.07045856759303497
2101 0.08295508848104731
2102 0.09330804390883697
2103 0.09427616315346096
2104 0.09261939292033809
2105 0.21991867265164242
2106 0.21642504085435998
2107 0.17803367519564534
2108 0.12473434028207865
2109 0.04060484382014603
2110 0.1001904836652686
2111 0.11538556869521818
2112 0.11451940648723517
2113 0.2824915302825155
2114 0.289215517160792
2115 0.26388585959694755
2116 0.2219615869478818
2117 0.10139028660243259
2118 0.09391897413826408
2119 0.09177100576428504
2120 0.09019103913115642
2121 0.09038498903750679
2122 0.11073612404369253
2123 0.15664200480188514
2124 0.2034845059021271
2125 0.0389859903563044
2126 0.10249133041763939
2127 0.09145045832102332
2128 0.09297790252250968
2129 0.04252522415728885
2130 0.12575930097697186
2131 0.1673869752266016
2132 0.21016493832757485
2133 0.16143564136233016
2134 0.11581975943420017
2135 0.11778198302050387
2136 0.121272000008626
2137 0.2016897897578693
2138 0.33126220340621826
2139 0.34402248479531
2140 0.350616911325765
2141 0.2700593523735255
2142 0.16115858701591793
2143 0.14623955425272203
2144 0.13133027302496666
2145 0.08914274205547887
2146 0.12912228692706754
2147 0.16429543987664672
2148 0.19423836593737007
2149 0.25460110025728105
2150 0.18762774277315392
2151 0.19429703181053076
2152 0.19628426991319362
2153 0.174764132197901
2154 0.09158765785868675
2155 0.08791688144550923
2156 0.08512157135678702
2157 0.07651698972647925
2158 0.07761386077512718
2159 0.07838807358332629
2160 0.07936521842543359
2161 0.08590583636007772
2162 0.09451046009883503
2163 0.1052847317468128
2164 0.11644450096722435
2165 0.13873868692773975
2166 0.15510652277425563
2167 0.15407478798956142
2168 0.15313466030797088
2169 0.12414617413264743
2170 0.09320269662904045
2171 0.08713595225167278
2172 0.08000247916639039
2173 0.05573760364223162
2174 0.06412845488048226
2175 0.06352739798927949
2176 0.0612401585896012
2177 0.05662512371310851
2178 0.077519466525422
2179 0.08254165702749952
2180 0.08716232504249874
2181 0.08679712626618649
2182 0.09905043660950599
2183 0.10995290545264774
2184 0.11931632583491474
2185 0.11741262396554095
2186 0.0469749842936847
2187 0.0436306615121507
2188 0.04186480569520382
2189 0.04795383026642308
2190 0.05007512286547651
2191 0.05508027355354535
2192 0.05980607260865353
2193 0.08958396605719089
2194 0.20463695353880043
2195 0.22353499629748677
2196 0.23478897742862387
2197 0.26392011695197937
2198 0.2470620034332816
2199 0.2490169447510732
2200 0.24636547010946838
2201 0.19374057862732255
2202 0.13707364040479797
2203 0.12612138194094608
2204 0.11522408039057727
2205 0.09513459982775546
2206 0.09599389579075726
2207 0.10707601999644761
2208 0.1268318664382552
2209 0.16370609477316336
2210 0.15403547121787234
2211 0.14850788725003572
2212 0.14706213541733407
2213 0.034942491670345105
2214 0.03918962711144141
2215 0.043648225354090076
2216 0.04805164399376537
2217 0.05226395504927809
2218 0.05694034105112692
2219 0.058270608988805664
2220 0.058801737907446805
2221 0.044759613623487286
2222 0.047925648775114
2223 0.04813365757777107
2224 0.04939215374256527
2225 0.0664369596517314
2226 0.1266240028273112
2227 0.1287291720881813
2228 0.1315162002969113
2229 0.1292648819814236
2230 0.10668494350348823
2231 0.09095259569912388
2232 0.08150062459333657
2233 0.06564372724456112
2234 0.1539960244123053
2235 0.15682603904210646
2236 0.15557569121855086
2237 0.16331311684679015
2238 0.07418659504776984
2239 0.06538025610618757
2240 0.06337844825323583
2241 0.06798684036625076
2242 0.08550192051003683
2243 0.08649250048848517
2244 0.0856966349763873
2245 0.0978645894534772
2246 0.1699962116099112
2247 0.1566888331659628
2248 0.14775824919882916
2249 0.06181953913785423
2250 0.06986494457366856
2251 0.08325677640550667
2252 0.08814736816465128
2253 0.16219870745897075
2254 0.26202226412710083
2255 0.25546847892419233
2256 0.24288553433647833
2257 0.1456790857628443
2258 0.07095480656864041
2259 0.09494729267185455
2260 0.1157703971939525
2261 0.23565634585018858
2262 0.35276406181457987
2263 0.3468801525808759
2264 0.33991119409280635
2265 0.2943224747638982
2266 0.19127769748768986
2267 0.17104104682999335
2268 0.1560050235917828
2269 0.0851032268344043
2270 0.08759839003729947
2271 0.08774339539412637
2272 0.0874502902755647
2273 0.08023427232623039
2274 0.060610466218186505
2275 0.05788403726430474
2276 0.05596772194644527
2277 0.05526084462692805
2278 0.13178382333613453
2279 0.1361579363327859
2280 0.14159788128423467
2281 0.09947838170945639
2282 0.05675280439991569
2283 0.052490515183335175
2284 0.04934283372737673
2285 0.03444239488382371
2286 0.07753928372993169
2287 0.07875600699041142
2288 0.07869345023277532
2289 0.06819134138042884
2290 0.06015028935556608
2291 0.06823990260921098
2292 0.07017004503622465
2293 0.06730431311795151
2294 0.07194873599433461
2295 0.0693090619974108
2296 0.0666590957522501
2297 0.08507154098755448
2298 0.19742254729542888
2299 0.21513909817174462
2300 0.22695087204312708
2301 0.2449079706446089
2302 0.2438804613459139
2303 0.23838584434371204
2304 0.2380395550767608
2305 0.1968280327457191
2306 0.11414439993490504
2307 0.09288311160472855
2308 0.08622842859924607
2309 0.04780935752021071
2310 0.03444791077810132
2311 0.03208766241847045
2312 0.025798973457940563
2313 0.05715782805361964
2314 0.08164531908667615
2315 0.08429108301734192
2316 0.09529899224353194
2317 0.10992335387564922
2318 0.08229674020617662
2319 0.07746375062680882
2320 0.07906885816144665
2321 0.0941986649035744
2322 0.12152206310752633
2323 0.10602643712867767
2324 0.08739497218460289
2325 0.038485773151230036
2326 0.11182729752543569
2327 0.11780729652423182
2328 0.1268379373270867
2329 0.18287653888192765
2330 0.09508340429940192
2331 0.08402657935340616
2332 0.07767164458254873
2333 0.04708071821565707
2334 0.16325901985544872
2335 0.17115696111051146
2336 0.17650914064460027
2337 0.1403915138471167
2338 0.057102693768084994
2339 0.05667923865517418
2340 0.05303166231441964
2341 0.08653451819818521
2342 0.05826832171133188
2343 0.06415287458940803
2344 0.07744087377279767
2345 0.04629315157775722
2346 0.15629991018503275
2347 0.18125896784503467
2348 0.20004013810332066
2349 0.2572157892266839
2350 0.07684493342299394
2351 0.06312795640183387
2352 0.060911261762095985
2353 0.16815647937793407
2354 0.22435581372846528
2355 0.21146666208936174
2356 0.17929046569234772
2357 0.24027491145787672
2358 0.21120064686622425
2359 0.19335583377797505
2360 0.16874202570357863
2361 0.19358797105522402
2362 0.2508816286717884
2363 0.2556920009540942
2364 0.2607724386967134
2365 0.26158714844234676
2366 0.25682420316294857
2367 0.24675693296319387
2368 0.23702681593736097
2369 0.11922963659826627
2370 0.08852684934172608
2371 0.09055035463236526
2372 0.09180706956436477
2373 0.07961232315985883
2374 0.05439077543676516
2375 0.0568029441535862
2376 0.05922002664907556
2377 0.05150670328198425
2378 0.03987257236407102
2379 0.044211414968044316
2380 0.05868589139325386
2381 0.04366271273655001
2382 0.05358991328740413
2383 0.05584074493446105
2384 0.060443576364941874
2385 0.08936605893313362
2386 0.1069096098510713
2387 0.10947040292551251
2388 0.10840583429441734
2389 0.08515623170011075
2390 0.07781363448250032
2391 0.07493057608788982
2392 0.0724867887983
2393 0.07478824013349995
2394 0.11068516706767166
2395 0.11686078254520074
2396 0.12772147588343008
2397 0.05292062027467622
2398 0.060607810524319496
2399 0.07349175373123015
2400 0.08976231454083415
2401 0.1451539156845699
2402 0.1410730349248803
2403 0.14176425987857533
2404 0.14275441611282857
2405 0.10250594694162517
2406 0.06424434125497723
2407 0.064144714789656
2408 0.06406942508463571
2409 0.0724742979946131
2410 0.13553930806326175
2411 0.1398605245957513
2412 0.14898022606310451
2413 0.08542196267485935
2414 0.0848796710196828
2415 0.08146546787698009
2416 0.07925105595345677
2417 0.08468731229621387
2418 0.10624748666067109
2419 0.12372733403694317
2420 0.14348894426203848
2421 0.19029685524326384
2422 0.16104273428848645
2423 0.150411744279383
2424 0.14244939461952655
2425 0.15531996381234275
2426 0.28001006867726136
2427 0.2845436179511455
2428 0.2851324434139683
2429 0.13865116576928185
2430 0.14452119653911535
2431 0.16620523300496154
2432 0.17440888731289667
2433 0.2706424474627576
2434 0.157036870771916
2435 0.10718285109511644
2436 0.06247943189271933
2437 0.17386202845016896
2438 0.16814220010069963
2439 0.16729321213589998
2440 0.16247403595726725
2441 0.2846730079840518
2442 0.4161737016715545
2443 0.41949252503098006
2444 0.42105115786249914
2445 0.39108635243211043
2446 0.12306772455243743
2447 0.09119024874813601
2448 0.08135756904718394
2449 0.29931068445387826
2450 0.2918928027714515
2451 0.2775635203185322
2452 0.2568828399977462
2453 0.10623534688203276
2454 0.05978163079643049
2455 0.052052095065457084
2456 0.05103585838348649
2457 0.10327380452418863
2458 0.27580813425339334
2459 0.2934124836170567
2460 0.3069829351289501
2461 0.36913104130072677
2462 0.3125948753241349
2463 0.2770849204816929
2464 0.2391852660656511
2465 0.12615278479794156
2466 0.2514059975271911
2467 0.26252013794621193
2468 0.2743253435937657
2469 0.2103741412054246
2470 0.22902402837728908
2471 0.23795197719202268
2472 0.24768802810696589
2473 0.12222395630375868
2474 0.07300621167606988
2475 0.10489952184196762
2476 0.1243526315137933
2477 0.22242673708801894
2478 0.15198095036872894
2479 0.12698293231112887
2480 0.1041447256597348
2481 0.1206875236903193
2482 0.18874609283509122
2483 0.18051607483137833
2484 0.172796353288857
2485 0.15180226300753072
2486 0.1910492840382243
2487 0.18727155494330358
2488 0.19067151386173983
2489 0.10373999865305662
2490 0.05841854285865464
2491 0.067456603441504
2492 0.07713484251572544
2493 0.19040432978535532
2494 0.22036419691889347
2495 0.19258290586899757
2496 0.16816370280760484
2497 0.045982967105971946
2498 0.05403220644950598
2499 0.05120278698127114
2500 0.047076437288499993
2501 0.12534558827744255
2502 0.20860997740688794
2503 0.19590216287664214
2504 0.18734828576807996
2505 0.21546797917437227
2506 0.18383259434655044
2507 0.16764183086514572
2508 0.1576095238773096
2509 0.07898628151087649
2510 0.05809586998014802
2511 0.048602463597513995
2512 0.04801120408353054
2513 0.03307289992327322
2514 0.06470195453401711
2515 0.0674826911401997
2516 0.0715043714103931
2517 0.10106750991673974
2518 0.19176855694650394
2519 0.18788484329846575
2520 0.1877577381840209
2521 0.22459657315085121
2522 0.30787236239598964
2523 0.31807261566423223
2524 0.3282137502125001
2525 0.16497643410104343
2526 0.1204095444997485
2527 0.1059568224895971
2528 0.10322237233458118
2529 0.10139187089117827
2530 0.19421635972309323
2531 0.18608396535397712
2532 0.18111267389292834
2533 0.08728860181474708
2534 0.04913079242540236
2535 0.05634903081765619
2536 0.0635988096123868
2537 0.12992128621193705
2538 0.1239941000229172
2539 0.12041915376851
2540 0.1136556425712231
2541 0.03382299677342308
2542 0.06145057655712842
2543 0.07058650384097585
2544 0.078549532161626
2545 0.09567297618500309
2546 0.26511863619396037
2547 0.26622791704236165
2548 0.26816294646219563
2549 0.19833986348027724
2550 0.03733673508458596
2551 0.035877061123131555
2552 0.04314674595072011
2553 0.14891201367325407
2554 0.1255793827227441
2555 0.10999116629592202
2556 0.10060597469844429
2557 0.08721606177999419
2558 0.19039029655148057
2559 0.210341910126726
2560 0.22572257109378072
2561 0.1881958940939826
2562 0.08190240853911879
2563 0.08128730276948437
2564 0.08382778035017911
2565 0.08413561001287653
2566 0.03968278287131404
2567 0.04404794926218819
2568 0.047881075480664795
2569 0.06940684578909585
2570 0.10597073896537718
2571 0.07655319983031911
2572 0.05522827674215055
2573 0.05485303301526409
2574 0.06495963098641012
2575 0.09093618981513192
2576 0.11249335626922616
2577 0.13112932350998066
2578 0.10102168592404903
2579 0.10316187578444512
2580 0.10298668089062149
2581 0.033921003068295874
2582 0.08469616956468932
2583 0.08526839057104192
2584 0.08733008183120224
2585 0.07008281266221242
2586 0.04719461498854576
2587 0.04002927615807746
2588 0.047602028894662175
2589 0.07946980414679031
2590 0.09213961556110328
2591 0.08774109947615132
2592 0.08290627856000364
2593 0.05494792640293484
2594 0.06860262499528325
2595 0.0696203589978473
2596 0.07217459018903029
2597 0.14891035766429267
2598 0.18509508868034114
2599 0.16616840891305149
2600 0.1422187254695006
2601 0.07142040502687035
2602 0.22925020162658608
2603 0.25479853137287956
2604 0.27210563773454033
2605 0.18921815323116994
2606 0.08262776147505128
2607 0.08232945439077617
2608 0.08157534313594088
2609 0.09552627137794874
2610 0.16037401831222023
2611 0.18808562417915825
2612 0.20664245199711082
2613 0.30708471617058547
2614 0.25544977912885297
2615 0.22940045941812992
2616 0.19946782015978154
2617 0.17936119208388124
2618 0.28584506946042654
2619 0.286218005458154
2620 0.28320333718467344
2621 0.18792169118939533
2622 0.13820405543100434
2623 0.13898214014785973
2624 0.1350414104900795
2625 0.1051744891544164
2626 0.07638060211863236
2627 0.06015867753736188
2628 0.05167777883901535
2629 0.06487896318040648
2630 0.044251623639692136
2631 0.04375118151773208
2632 0.04205381952995573
2633 0.049784328734275206
2634 0.04361403291042511
2635 0.04251564786864134
2636 0.03936381928216666
2637 0.053108113133992454
2638 0.07245010668755106
2639 0.07229492872260368
2640 0.07113489341507036
2641 0.14733439566007359
2642 0.11274233652199167
2643 0.10237622969233341
2644 0.09743603061467064
2645 0.07758270197351583
2646 0.04587825158194709
2647 0.054831776417608426
2648 0.06501461558545722
2649 0.04231312075677428
2650 0.09911032411756347
2651 0.1131356650258454
2652 0.12609169557361247
2653 0.047587551194683754
2654 0.038571557073799535
2655 0.04986012660528984
2656 0.06756553512294133
2657 0.1370942591903348
2658 0.07559457607044481
2659 0.07317871392013722
2660 0.07609394186850688
2661 0.17764408437143395
2662 0.1314697467132684
2663 0.1001417919401948
2664 0.08746376609191438
2665 0.06261545445602747
2666 0.04150326084221134
2667 0.046427423015880626
2668 0.05977475884663143
2669 0.15798688213695056
2670 0.04349952839386217
2671 0.04707498487728171
2672 0.06864073043049912
2673 0.1339311010587404
2674 0.23413158373802148
2675 0.22625986203427295
2676 0.21838155717827462
2677 0.060348839098137395
2678 0.08870721826642619
2679 0.09303351568650589
2680 0.09906463681626239
2681 0.059852208247328335
2682 0.03805212007294094
2683 0.039072220029930785
2684 0.0441984305166296
2685 0.050100938803211675
2686 0.1577558834210001
2687 0.17386728354140152
2688 0.19251128149057653
2689 0.07229764551784532
2690 0.09436933899280485
2691 0.08951769070155939
2692 0.07920003381033268
2693 0.1082288215376325
2694 0.23370754029690827
2695 0.23586932358470028
2696 0.24177786289245512
2697 0.2151294830531684
2698 0.2670093779384418
2699 0.28659319722254606
2700 0.29883859896918913
2701 0.16321026781263168
2702 0.07578083974375616
2703 0.08505728042571434
2704 0.11581740421237556
2705 0.10418175338428866
2706 0.17362310344673818
2707 0.19696564278620965
2708 0.2171956450588292
2709 0.19653239849403673
2710 0.09060414211384546
2711 0.08210298659474934
2712 0.07203750135329555
2713 0.06173031685430893
2714 0.05280992643497234
2715 0.055813933875253095
2716 0.058431724387653046
2717 0.05427778172437058
2718 0.10977961845429873
2719 0.1262696777582946
2720 0.1407793439770664
2721 0.1658525103998143
2722 0.20540739137286887
2723 0.2126316236849957
2724 0.21956947357181705
2725 0.21530755064631957
2726 0.1940749640719726
2727 0.1940677981578041
2728 0.1910697464150169
2729 0.09564063782600439
2730 0.06582601929917242
2731 0.06460039012179562
2732 0.062214677745128906
2733 0.05203432535934905
2734 0.04033411354787936
2735 0.04047915278748056
2736 0.03875158897615863
2737 0.06486556621233645
2738 0.0661265424949101
2739 0.07077165511611627
2740 0.07355303337092688
2741 0.045279354577931454
2742 0.0407461337978254
2743 0.04460330823353503
2744 0.04651789278254877
2745 0.05797498565801991
2746 0.056006584592733645
2747 0.05544022192744204
2748 0.05214377218418054
2749 0.1014769608153783
2750 0.1360653169575228
2751 0.13846053685342563
2752 0.14009191171533358
2753 0.1922835563249191
2754 0.23319279968951184
2755 0.2449109430849192
2756 0.251121953314882
2757 0.24787405904344664
2758 0.22008400812445816
2759 0.21677528749206995
2760 0.21208771761962472
2761 0.12654033897459427
2762 0.06636664777922426
2763 0.06243004651984271
2764 0.057375659719293905
2765 0.06064155174489868
2766 0.0754455554992173
2767 0.08349995694180366
2768 0.0894814544983035
2769 0.043959913811403364
2770 0.04381320840556351
2771 0.044465203525085026
2772 0.04338284988562303
2773 0.1140424344825983
2774 0.10472726668639191
2775 0.10129753047468049
2776 0.09506445443091469
2777 0.08913967962655212
2778 0.10943841017511939
2779 0.10945247652721293
2780 0.10790290781410297
2781 0.11054847799408167
2782 0.11870544438294267
2783 0.1308242118064662
2784 0.13978875537376032
2785 0.1408036996875682
2786 0.10309846805861535
2787 0.09263271403634438
2788 0.08775339449909143
2789 0.07765959788542852
2790 0.08003879761140008
2791 0.08326759578728785
2792 0.08256002870004583
2793 0.10530523553461661
2794 0.10182334344256999
2795 0.08912141394629806
2796 0.07719175146541334
2797 0.0387176349868241
2798 0.02935686037282287
2799 0.0364954683282052
2800 0.043560741748635376
2801 0.09183084768409913
2802 0.15143228905122677
2803 0.15052879194181626
2804 0.1511944847125012
2805 0.09783528369328029
2806 0.07268528202772984
2807 0.07082230472965019
2808 0.06839154855293397
2809 0.1195285383076592
2810 0.1765105641183792
2811 0.1717550975656085
2812 0.16484896610150743
2813 0.14459187763821912
2814 0.08164691244677018
2815 0.07851963968321514
2816 0.07414735094891388
2817 0.10351860315560917
2818 0.24450945213316008
2819 0.25351139663507666
2820 0.25953348506685453
2821 0.27919700497339495
2822 0.26248492437790844
2823 0.24286062513562193
2824 0.22620986625713305
2825 0.1338448912107041
2826 0.08216936574146289
2827 0.07799034231192564
2828 0.07441061330321844
2829 0.06937194637515126
2830 0.06565255053805281
2831 0.07906326602529588
2832 0.0916027446805636
2833 0.05358323876129907
2834 0.15245631593200132
2835 0.1678916471130381
2836 0.17973631315510452
2837 0.20021818364796132
2838 0.16209981993043715
2839 0.14840515050720135
2840 0.13454358791356957
2841 0.067363352813804
2842 0.10804412291886126
2843 0.11673547528338885
2844 0.12285867669105364
2845 0.09289831357437181
2846 0.09688863436926184
2847 0.12225951625255208
2848 0.14312984485964203
2849 0.11356442932344471
2850 0.08935379670202902
2851 0.10187240188395123
2852 0.11310223221135365
2853 0.12675707662335384
2854 0.12383545650387724
2855 0.12017918335105725
2856 0.11649976188486279
2857 0.11714125929938393
2858 0.2373811301088881
2859 0.2721777201966115
2860 0.29473072671728895
2861 0.26562076659720346
2862 0.09640001952985384
2863 0.09434660319109277
2864 0.08943878184752
2865 0.0828591622882403
2866 0.1878826973667333
2867 0.18857422343207592
2868 0.19372122172198164
2869 0.09422719016427263
2870 0.0623513445120178
2871 0.062107314722689815
2872 0.060855760572005986
2873 0.09315689891813832
2874 0.044487251504597085
2875 0.05113448615497267
2876 0.060759044533901796
2877 0.1755071145962747
2878 0.2135031796887771
2879 0.20138539705963585
2880 0.18989781766826405
2881 0.12341199559684138
2882 0.058748354395959955
2883 0.05935123523772777
2884 0.06562593192648886
2885 0.16125302891374152
2886 0.09312941854507409
2887 0.0843385527908347
2888 0.07435589294317356
2889 0.08465621417311693
2890 0.10997881821230557
2891 0.10418668276134754
2892 0.10327821081036798
2893 0.08480581676091921
2894 0.03294147354965136
2895 0.04023211614148301
2896 0.04475053471704282
2897 0.030888218710395016
2898 0.0807172226504968
2899 0.08067035151301524
2900 0.08263574324983049
2901 0.041878144215090056
2902 0.04796117962913736
2903 0.04570955765172752
2904 0.04639740316274483
2905 0.16418950454888742
2906 0.15345629310586317
2907 0.14245217705424731
2908 0.12742526376949231
2909 0.16873574014424417
2910 0.10244028502125484
2911 0.07403823835195503
2912 0.04086726674934603
2913 0.22787395492546653
2914 0.2610998438140373
2915 0.2518411348718921
2916 0.23593144298144608
2917 0.27530323809537505
2918 0.2706173689455978
2919 0.26471604056522474
2920 0.2511752933011802
2921 0.2558310881702141
2922 0.2645613665289258
2923 0.2551939792459311
2924 0.2449249918415533
2925 0.20398748654796958
2926 0.1701425841332097
2927 0.1488414348715826
2928 0.11554781411970647
2929 0.19555465095618338
2930 0.14432839140431095
2931 0.13267569257516135
2932 0.1074503491132062
2933 0.08545356563568486
2934 0.04633168335537111
2935 0.04244738624320578
2936 0.041135059037986095
2937 0.05412444957553992
2938 0.07548890833682959
2939 0.07676733780838593
2940 0.07551113387770579
2941 0.09231616145339008
2942 0.10801137560877416
2943 0.1091364747131464
2944 0.10697467410236584
2945 0.09184354144341783
2946 0.08579615436953131
2947 0.08602809920070102
2948 0.08390988061848524
2949 0.08048153507141922
2950 0.08885599663279066
2951 0.09212530673502749
2952 0.10081421717990131
2953 0.07348141650722524
2954 0.08476328027498749
2955 0.0942256612640136
2956 0.10957096587116526
2957 0.11203689425570452
2958 0.11592564193016316
2959 0.12266904962025976
2960 0.13075374251131563
2961 0.15921216284643885
2962 0.12954388816120946
2963 0.11957985554113222
2964 0.11461699911531743
2965 0.09374600369257986
2966 0.10731593282680008
2967 0.10062982670241896
2968 0.10381863718575565
2969 0.08231560392657442
2970 0.083300050867426
2971 0.08529282415564027
2972 0.09534726900475654
2973 0.06878793374278332
2974 0.11526739839090176
2975 0.12808525059390577
2976 0.14343727880873547
2977 0.19146195243456557
2978 0.19508001192004343
2979 0.19544775964685604
2980 0.1966783018855332
2981 0.15227070071599735
2982 0.18168968704897745
2983 0.18010172709088196
2984 0.18266997919043254
2985 0.14113903356958563
2986 0.11395226033851912
2987 0.10697134315395096
2988 0.10177344577790143
2989 0.08558974074384984
2990 0.08709169383747689
2991 0.0892138329516935
2992 0.09319013463151511
2993 0.13774837591430658
2994 0.20713985368178026
2995 0.21851096446473944
2996 0.22432127377393593
2997 0.25473432304608007
2998 0.27083241111318135
2999 0.27258483760603686
3000 0.269557340821839
3001 0.25274771327339984
3002 0.18254177176399303
3003 0.15724809812159557
3004 0.1312595252934715
3005 0.07526175806455382
3006 0.10341787721341883
3007 0.1037489796773578
3008 0.10328249085667592
3009 0.06486793085935107
3010 0.07625013914739047
3011 0.08974995165453231
3012 0.09687713924278625
3013 0.14543383391839193
3014 0.16613604382805142
3015 0.16806726620590176
3016 0.16493970836700228
3017 0.2399144512114424
3018 0.30020011107861694
3019 0.2902257644984857
3020 0.27848538921066174
3021 0.17938773351630777
3022 0.10394299465085256
3023 0.09915704213366434
3024 0.09385695070683503
3025 0.12652305280410892
3026 0.14837397407603475
3027 0.15731898619424098
3028 0.1695569427916383
3029 0.08692520896974998
3030 0.04968117804999299
3031 0.04999069508185542
3032 0.05088888481825499
3033 0.06779159665002686
3034 0.10556793721949854
3035 0.1030567275613186
3036 0.09457545267212226
3037 0.05107466941010111
3038 0.037947597832351486
3039 0.04420907168466599
3040 0.04676391117216724
3041 0.0984686159067689
3042 0.14997922975548603
3043 0.14924806172706537
3044 0.15662147231294202
3045 0.10954883443509127
3046 0.18203993584228828
3047 0.19816698274761602
3048 0.21745134982740957
3049 0.07840640174734353
3050 0.05204243780726808
3051 0.05192049327102741
3052 0.05500330837226601
3053 0.06863356236592333
3054 0.11267452135437117
3055 0.11117997420876828
3056 0.10610789933573363
3057 0.02876849972193304
3058 0.1454203898809245
3059 0.14745186369233018
3060 0.1518609225642631
3061 0.2206960940302082
3062 0.2817448361619679
3063 0.27602060484031027
3064 0.2696004248425851
3065 0.17168043660306065
3066 0.07984307314929291
3067 0.07400071469273221
3068 0.0758499587622892
3069 0.06961649627008085
3070 0.061326096707176786
3071 0.06404718141997806
3072 0.0685619121844781
3073 0.12749495141922632
3074 0.20942663592225663
3075 0.20563585028108275
3076 0.20496653659391523
3077 0.20743159838164016
3078 0.2712825815887489
3079 0.27258179059994475
3080 0.2734726505511261
3081 0.21299073689356926
3082 0.1839762433934992
3083 0.170001346975077
3084 0.16587174952114841
3085 0.07513491766495388
3086 0.0669041288353404
3087 0.06345912862178003
3088 0.06092519689449006
3089 0.04252089361307656
3090 0.09608046405103235
3091 0.0980513385590633
3092 0.09856935715363681
3093 0.07099236152082249
3094 0.0682456030627057
3095 0.061036140854457216
3096 0.055822378218041646
3097 0.041590472623668086
3098 0.14210591077298795
3099 0.15826788758049493
3100 0.17040658853872187
3101 0.07973343934882669
3102 0.053084063939542125
3103 0.05075983791853336
3104 0.048800837654527564
3105 0.11301557055600507
3106 0.07955679775504367
3107 0.07782021037318158
3108 0.07930840684423335
3109 0.0733624151388322
3110 0.08513321074018508
3111 0.08255790020251243
3112 0.08146855930450037
3113 0.08161236145230517
3114 0.16332405736061023
3115 0.1750243797023888
3116 0.17780457268865252
3117 0.1806600442835047
3118 0.15590621581083677
3119 0.14371877309929698
3120 0.1338931342242392
3121 0.07908445858636846
3122 0.0807387395093488
3123 0.08132037688994218
3124 0.09379150659316604
3125 0.05565279585301722
3126 0.08813319730635243
3127 0.0853847120203979
3128 0.08239746665953708
3129 0.08732594417604274
3130 0.1268684705532072
3131 0.1264655743095107
3132 0.12335625088228297
3133 0.10547054194366313
3134 0.1382352589394123
3135 0.14627956734492897
3136 0.15113668298843422
3137 0.10073115879180913
3138 0.035097659213189754
3139 0.039231488394813406
3140 0.04438156859911659
3141 0.04315126092762512
3142 0.030116394438138305
3143 0.03411523770927004
3144 0.04529757303532035
3145 0.04879422377794945
3146 0.11506460520739252
3147 0.09523059187662529
3148 0.07443959850288732
3149 0.04270683670036588
3150 0.053921745685466003
3151 0.055291082830425095
3152 0.060076623746587704
3153 0.06229519323628907
3154 0.05931315596631671
3155 0.046548296756302225
3156 0.032934425646054206
3157 0.0396925368207228
3158 0.18924265681571767
3159 0.2048323220730112
3160 0.2161999565954351
3161 0.148026043142467
3162 0.062410032123776944
3163 0.06930787925330345
3164 0.07632239398439467
3165 0.15648996025925324
3166 0.20401720759792719
3167 0.21124129495720004
3168 0.21519512768495616
3169 0.23391800320132602
3170 0.23548033698195672
3171 0.23261453832940426
3172 0.22458029973914495
3173 0.22193612962461035
3174 0.2378930126926461
3175 0.22373133377801063
3176 0.20818099017717934
3177 0.18517372696774576
3178 0.2517169346765399
3179 0.25962038120928144
3180 0.2649182116709708
3181 0.18450380716521678
3182 0.0836074378534028
3183 0.0782482745547726
3184 0.0746482250625883
3185 0.07948509643858569
3186 0.08817838526506883
3187 0.08868428811181148
3188 0.08705714372715034
3189 0.10745650611737714
3190 0.06596677171640562
3191 0.06371954134065078
3192 0.0633293192079357
3193 0.08581332444132987
3194 0.12124813575412638
3195 0.11866702442183101
3196 0.11306560198047769
3197 0.11226196747617935
3198 0.11694755388284891
3199 0.11577906865525368
3200 0.11236661319456157
3201 0.10625743857870187
3202 0.0848070820793525
3203 0.07992777728770373
3204 0.07835421507634499
3205 0.06994527318628735
3206 0.07923027318951213
3207 0.08965702499975606
3208 0.1028155570883175
3209 0.060567089250981594
3210 0.06618177350939683
3211 0.0632534350068278
3212 0.05855820870459571
3213 0.06214469605515344
3214 0.04613881449154132
3215 0.051148470707873595
3216 0.05792350609863507
3217 0.22483738629793432
3218 0.21726334147830045
3219 0.19697286990038754
3220 0.1781239340671659
3221 0.06640651994418012
3222 0.04306960480518413
3223 0.061366185039669945
3224 0.06788035320844236
3225 0.09578632231337125
3226 0.046969021857230814
3227 0.055176609771090096
3228 0.07461653468105918
3229 0.04676918195758282
3230 0.0715890927813591
3231 0.06327036302874263
3232 0.05527780772427957
3233 0.04567652280719213
3234 0.05115801642228797
3235 0.06998171995604506
3236 0.08733095003751791
3237 0.0810358565011129
3238 0.07911459952057111
3239 0.07111546742296616
3240 0.06787253389772632
3241 0.0687430726774485
3242 0.08818034071753889
3243 0.09018588039562697
3244 0.09180468459738833
3245 0.05159409272469881
3246 0.06355646139162023
3247 0.06815118479545602
3248 0.06439234903238567
3249 0.1356238656946196
3250 0.22105576950687908
3251 0.23154002211913619
3252 0.2373770348310843
3253 0.1983455816266677
3254 0.19092207838349592
3255 0.18971372503110673
3256 0.18623221366984044
3257 0.10486902954010335
3258 0.0839412481905194
3259 0.07173268407932949
3260 0.06787327610121016
3261 0.03465763211513836
3262 0.04921849270753515
3263 0.06406726948090857
3264 0.07827157749090578
3265 0.05781524964225536
3266 0.0648444186482876
3267 0.06347946976232918
3268 0.06329888220901106
3269 0.055261740679251464
3270 0.04140088216122785
3271 0.04082372736184162
3272 0.039685633196381846
3273 0.04227869514550844
3274 0.04327923790691162
3275 0.04147182406254887
3276 0.041850428961351445
3277 0.11528194785321381
3278 0.21240882285671733
3279 0.21848761680997272
3280 0.22525922294051406
3281 0.1965778341978914
3282 0.21599933797071968
3283 0.22074077526530736
3284 0.2270723588249245
3285 0.14756734209288797
3286 0.11351470822635182
3287 0.11283571875592849
3288 0.11234737865400986
3289 0.09384802490371884
3290 0.04088395266497446
3291 0.03618522637328677
3292 0.033236872570922435
3293 0.030481335504164608
3294 0.038480001381872665
3295 0.041503643478217604
3296 0.044320550993758895
3297 0.041264302343961314
3298 0.06698255299054562
3299 0.08119663667756256
3300 0.09245891039155896
3301 0.08220104037170013
3302 0.05224151485304486
3303 0.053694930248903566
3304 0.054735209989243826
3305 0.06635373110668726
3306 0.14061316288498668
3307 0.15466027895599344
3308 0.16478302990594795
3309 0.1904932822708878
3310 0.1921520465705582
3311 0.19819382926503373
3312 0.20027885438869825
3313 0.2174896605823653
3314 0.210582280888551
3315 0.208679084300963
3316 0.20492730374109225
3317 0.1562331779494209
3318 0.11249342686765436
3319 0.10141195423418056
3320 0.08978046006371536
3321 0.07340255727412615
3322 0.04489419207785251
3323 0.04208547330056374
3324 0.04091967785962118
3325 0.06797842494051293
3326 0.07144682965458524
3327 0.06820590860582829
3328 0.06270568874955015
3329 0.10439013192102575
3330 0.11596361020675405
3331 0.11511119313152361
3332 0.11111235297933865
3333 0.13044970370009393
3334 0.13354252229192315
3335 0.12918080002481874
3336 0.12088961934363937
3337 0.10943527804143166
3338 0.08907914528666482
3339 0.08881730917412627
3340 0.08857735894675534
3341 0.0888137878722287
3342 0.08354585715657523
3343 0.08172346036815487
3344 0.08066570311300279
3345 0.08207375132865953
3346 0.08566085075057289
3347 0.08294488064079907
3348 0.07953079726580467
3349 0.1029809410975843
3350 0.08169794649333083
3351 0.07424286193600234
3352 0.0660096227487621
3353 0.06480165612881135
3354 0.06249950385530111
3355 0.058764433163603046
3356 0.05610663479346106
3357 0.059971723742840474
3358 0.08565677795952198
3359 0.09445600234461536
3360 0.10395098435467502
3361 0.0841194485341623
3362 0.03947004186531099
3363 0.03754000968270426
3364 0.03636986392129666
3365 0.05633919798431052
3366 0.09702188705770173
3367 0.09697324617513607
3368 0.09152826719753938
3369 0.08720301847997074
3370 0.07047554770624136
3371 0.07335605217211044
3372 0.07598034469495737
3373 0.08716785444110475
3374 0.12530994692256886
3375 0.13889088480695125
3376 0.15022978435408357
3377 0.1814922913515919
3378 0.1866400384843295
3379 0.18363232899128948
3380 0.18256198635426463
3381 0.16582452924359659
3382 0.12987923983065372
3383 0.1233476541294234
3384 0.11976027336441704
3385 0.10674248419841527
3386 0.06324993239395385
3387 0.05645571237396099
3388 0.048464986860566724
3389 0.04897555244139215
3390 0.11504733505527917
3391 0.12432406792129165
3392 0.13171448869714023
3393 0.16425798206083092
3394 0.1809352165327592
3395 0.17687980033108672
3396 0.17096230336440357
3397 0.16426912822630654
3398 0.18552954038496056
3399 0.1816391317328781
3400 0.17838719904408168
3401 0.14212595170033954
3402 0.0859967374134331
3403 0.07954442432075023
3404 0.07299195380470569
3405 0.07370267367547907
3406 0.07485687467448095
3407 0.07258359947124503
3408 0.06680720236148155
3409 0.08394910381053239
3410 0.14861856863101197
3411 0.14560848795496387
3412 0.14420640435523635
3413 0.13564045861976867
3414 0.1903228083077545
3415 0.19281873344759434
3416 0.19387967099259762
3417 0.12879705655415613
3418 0.1472350113892804
3419 0.14086925505189274
3420 0.13326404029948702
3421 0.1223632124454647
3422 0.15917072809619792
3423 0.15511942903335402
3424 0.15523678468646435
3425 0.12047830728502353
3426 0.1583881055372805
3427 0.14622949605822624
3428 0.14489611215195528
3429 0.07464453640000823
3430 0.0728554653568531
3431 0.06520252633283291
3432 0.056899317259178545
3433 0.08613115649116236
3434 0.16652993481406778
3435 0.17629084941504183
3436 0.1794793127020875
3437 0.17149313550119039
3438 0.15743696700564128
3439 0.13492518718602198
3440 0.11922445635042703
3441 0.11653950972044588
3442 0.11474505678868598
3443 0.10742996871507261
3444 0.11406219179823032
3445 0.05341461379185765
3446 0.12518466134833423
3447 0.13347511572131895
3448 0.14333135213010276
3449 0.11995370021444447
3450 0.10139127474102509
3451 0.12020026635039595
3452 0.12820077105037997
3453 0.061983676126383794
3454 0.041516537086345215
3455 0.04605561344435722
3456 0.0505305931656065
3457 0.08206744371884284
3458 0.05076114651356941
3459 0.050276928156830214
3460 0.04706324517050385
3461 0.1159764575289051
3462 0.06727138109566237
3463 0.06865732891118773
3464 0.07203581206422438
3465 0.08123936325578764
3466 0.20687224246345565
3467 0.20157001716940165
3468 0.18688297223465555
3469 0.2075151381244677
3470 0.1627655686233857
3471 0.14045984920813703
3472 0.1351094766368648
3473 0.22585958201210649
3474 0.2844823126723487
3475 0.2924289034347533
3476 0.29425646944336387
3477 0.3472008119381181
3478 0.2595982155332424
3479 0.23377791871934475
3480 0.19985996060700076
3481 0.19476924371060705
3482 0.24375053629467816
3483 0.23281109051081292
3484 0.21240071484241463
3485 0.3029578186427902
3486 0.23001744683390574
3487 0.2016724158226986
3488 0.16483907638218329
3489 0.20508478068445296
3490 0.18643200331825935
3491 0.17009719794858064
3492 0.15141868358012442
3493 0.1720709201281372
3494 0.16842226229336826
3495 0.15523988216594514
3496 0.13767192156751273
3497 0.0881278474182394
3498 0.0973519965868694
3499 0.09905182967866864
3500 0.09238871935857497
3501 0.11331026798445813
3502 0.09154926874069179
3503 0.07652954872442755
3504 0.053695363385842146
3505 0.057374423997500736
3506 0.06981471641576581
3507 0.08836195519583233
3508 0.10782941752861772
3509 0.09085262576920293
3510 0.08655095279897067
3511 0.0838269690580315
3512 0.09064837418651223
3513 0.12318431400990401
3514 0.1480527371292528
3515 0.15222964662575628
3516 0.1632438817562781
3517 0.11205171726982342
3518 0.08298871854661108
3519 0.08163881178435287
3520 0.08698617862663474
3521 0.13352079835912567
3522 0.16176614891492683
3523 0.16487489074003087
3524 0.17326498653830325
3525 0.07949689162552194
3526 0.050877200201594974
3527 0.043341095934070394
3528 0.05075116748551822
3529 0.08287723413806265
3530 0.16345769599857168
3531 0.1776655352438853
3532 0.19652230778378332
3533 0.19966620760857823
3534 0.1809338037907301
3535 0.18196920294123564
3536 0.18714606395108369
3537 0.15841211409994482
3538 0.20885654713256
3539 0.21516263493586862
3540 0.22700959834776388
3541 0.13175753461819611
3542 0.10876343768635731
3543 0.10470317790572048
3544 0.10431937401681793
3545 0.0831803339562533
3546 0.15630090608442512
3547 0.1767984921640001
3548 0.19795509913361325
3549 0.24632747248732037
3550 0.2393649324862527
3551 0.2407513329607613
3552 0.2419517133739052
3553 0.23351592954264175
3554 0.32470380281349964
3555 0.33875494282069435
3556 0.3494881547597259
3557 0.28574285099632746
3558 0.15956003343588554
3559 0.15155061850174945
3560 0.14654200571678638
3561 0.10405381232051518
3562 0.11312143761004959
3563 0.13973456465976483
3564 0.1620958006536936
3565 0.24175415245617596
3566 0.272618626340016
3567 0.2748370322987622
3568 0.27198834551532475
3569 0.22457208573227028
3570 0.2803113391462195
3571 0.28754915483124277
3572 0.29101131962477306
3573 0.26659546434822495
3574 0.17142516627537235
3575 0.16959514438250142
3576 0.16909457563669997
3577 0.14695539793633683
3578 0.11647997197722527
3579 0.11126536856480618
3580 0.11820787026709183
3581 0.2309383535452178
3582 0.2120425554299545
3583 0.18621279631500526
3584 0.15656510633105084
3585 0.06835586943551503
3586 0.09810288080105255
3587 0.09899852505140588
3588 0.09578202222057075
3589 0.09590952810150934
3590 0.10862216278251814
3591 0.11404927694028036
3592 0.11706451119955008
3593 0.11120223377596346
3594 0.07775928272187319
3595 0.06696023175913635
3596 0.05431777487829536
3597 0.12750238351937854
3598 0.0886989056418767
3599 0.07952897205250314
3600 0.06992875801209913
3601 0.09502385182684599
3602 0.08447909341233494
3603 0.07462169277626932
3604 0.08523166293893152
3605 0.05175999834301888
3606 0.10222948671782166
3607 0.11727487351657317
3608 0.13421810903511544
3609 0.12201701170751696
3610 0.08734715069956585
3611 0.08425976396617046
3612 0.08224914112225272
3613 0.04767084444424313
3614 0.04717978043761521
3615 0.045994420453971646
3616 0.04408846699827938
3617 0.07590534931500365
3618 0.16280993743337757
3619 0.17249374279094254
3620 0.18554489156394993
3621 0.1383136791966167
3622 0.15340775345451646
3623 0.1459822494256358
3624 0.15195530972875826
3625 0.09424604772351024
3626 0.07463936765947907
3627 0.08252743382520282
3628 0.09381206709736567
3629 0.10545006662993071
3630 0.12283397051919219
3631 0.13071076276652677
3632 0.14792181761688192
3633 0.22151807282146838
3634 0.29358252088848685
3635 0.29913018806073616
3636 0.3031164507843454
3637 0.23149882736431351
3638 0.19500618437926054
3639 0.17218036862073727
3640 0.1781957135139176
3641 0.12302113547651868
3642 0.11435135496739046
3643 0.11318882681046664
3644 0.11462396354466432
3645 0.12646781431847395
3646 0.2615313941277398
3647 0.26932591510539716
3648 0.2785260921413424
3649 0.22549393783215535
3650 0.15140669832467757
3651 0.14126398644346067
3652 0.1345443307546518
3653 0.09245285553844935
3654 0.1355144589670618
3655 0.1378869815213889
3656 0.1421325473751886
3657 0.11862731737524018
3658 0.11266431878708523
3659 0.11769979800451426
3660 0.11294830613744641
3661 0.07493349955405088
3662 0.1887924099893315
3663 0.1854258770303157
3664 0.18610685704519986
3665 0.06724300407267454
3666 0.105046043524518
3667 0.10685953366119665
3668 0.10805176940343866
3669 0.10831545894352748
3670 0.11976935976316615
3671 0.12244025213827843
3672 0.12202749648999944
3673 0.1693162747488868
3674 0.1602974734216475
3675 0.15876705898609536
3676 0.15727359649666584
3677 0.12311754066577159
3678 0.12830002565594326
3679 0.1255524682618462
3680 0.12399161428596785
3681 0.0773783766256732
3682 0.12730279659587523
3683 0.12537889864415688
3684 0.12243298085528463
3685 0.07096707287412607
3686 0.14564183894388755
3687 0.16434911738207506
3688 0.17369152158208767
3689 0.22101581894087013
3690 0.18913388838852657
3691 0.1747246018109632
3692 0.15690844577564486
3693 0.09592193357791673
3694 0.13893905200129963
3695 0.14493453918976718
3696 0.1427663113273426
3697 0.16161475323647764
3698 0.09792875196351232
3699 0.07240641994876648
3700 0.05261033480741297
3701 0.02820767210420438
3702 0.09147448397158861
3703 0.09802685028852924
3704 0.0973991652539076
3705 0.12137283362102966
3706 0.0797255475081672
3707 0.06202275655131913
3708 0.0611454510682852
3709 0.09811060789221655
3710 0.08785942688361584
3711 0.09003612000227185
3712 0.09100279764748485
3713 0.04856584106277939
3714 0.0694934954440673
3715 0.08948408270196657
3716 0.11314150842601693
3717 0.11112651335677931
3718 0.061266407403290236
3719 0.05815847201721968
3720 0.062256009725579264
3721 0.09706867937388107
3722 0.17498223573450158
3723 0.1958201948953854
3724 0.21386689330226613
3725 0.28060050791165436
3726 0.27383799035554407
3727 0.2651906168880627
3728 0.25409350982186124
3729 0.1596182714823873
3730 0.2101710499328246
3731 0.22086024578503569
3732 0.22709502396164916
3733 0.23724436575678803
3734 0.18993626158393062
3735 0.17683425669263964
3736 0.1621329013611001
3737 0.1851910458407321
3738 0.2763203624540611
3739 0.28873622624223666
3740 0.2935766213146554
3741 0.29364321828148976
3742 0.20976530613818173
3743 0.19446701404163824
3744 0.17687411990276247
3745 0.11124064158298196
3746 0.12577304516062385
3747 0.12155047999454395
3748 0.11922487281561622
3749 0.16479798505410861
3750 0.12005981445623577
3751 0.12367435825585972
3752 0.12728866579165612
3753 0.13077549486565868
3754 0.17176668362885644
3755 0.1861963437990755
3756 0.19059668746846947
3757 0.18915281613380333
3758 0.09636024288589327
3759 0.09140854986151963
3760 0.08746975240501252
3761 0.11646308204787637
3762 0.1239414216594677
3763 0.1291126318232503
3764 0.13824036185670785
3765 0.10606224180821897
3766 0.09414500354272885
3767 0.08640404043461287
3768 0.0806035288839523
3769 0.11533038113655776
3770 0.12248088520890647
3771 0.11621011758490712
3772 0.1073572635574484
3773 0.0993920109158528
3774 0.0898964957910955
3775 0.09242375205313791
3776 0.09144605492368497
3777 0.09448273348093914
3778 0.09158220234943207
3779 0.08628107117414915
3780 0.08013757030706828
3781 0.05587645305634442
3782 0.04525785042840657
3783 0.0510844155967247
3784 0.0545258998009536
3785 0.04537092580424244
3786 0.06534171476411474
3787 0.05532489442264591
3788 0.04907547721514545
3789 0.10391184061460311
3790 0.07647299660861362
3791 0.079007515714078
3792 0.08046074239888894
3793 0.04891179994103858
3794 0.07685380362353042
3795 0.0807591474909038
3796 0.08143837212495038
3797 0.10295216320518648
3798 0.11618494180193444
3799 0.1183457063792032
3800 0.11947613411878832
3801 0.06809219413424092
3802 0.1129286957228405
3803 0.13089304091156292
3804 0.14394254575259438
3805 0.085658687905499
3806 0.17354421595884134
3807 0.18801191806535592
3808 0.19702260715801884
3809 0.22151771812899929
3810 0.19859037863267542
3811 0.19769396666301947
3812 0.18871203948353998
3813 0.07005656637154395
3814 0.0634629412511709
3815 0.07959226115912196
3816 0.10803414465295659
3817 0.09697225772085817
3818 0.08597437440725775
3819 0.10742417116478441
3820 0.11660799442298737
3821 0.0929979947978624
3822 0.08649693434487878
3823 0.08518609559166122
3824 0.08435373714324419
3825 0.10100196261331704
3826 0.055325563658130766
3827 0.057754321514347506
3828 0.05956831986439274
3829 0.054714807376237365
3830 0.0578407982563003
3831 0.06937086847820538
3832 0.085211271635657
3833 0.14241621433233573
3834 0.11026546783176723
3835 0.10018632250888733
3836 0.09872599559885684
3837 0.13687833106691788
3838 0.18322192780000424
3839 0.18541322497582605
3840 0.18880036197981273
3841 0.13030638223405486
3842 0.14183968767405752
3843 0.14415273441674517
3844 0.1514451464937534
3845 0.15550848296272632
3846 0.1389275170513124
3847 0.14045266233128315
3848 0.14012664193444713
3849 0.11449194093444574
3850 0.08561095859767842
3851 0.08430989861538724
3852 0.08335585993489816
3853 0.07660018470780713
3854 0.138537005709138
3855 0.1477235150338411
3856 0.1545184859363733
3857 0.08441142260639459
3858 0.07405445857391159
3859 0.07921911531313434
3860 0.08506208207036836
3861 0.05123032148266794
3862 0.05574794125510922
3863 0.056837446189599274
3864 0.05772820634212443
3865 0.14637029677129898
3866 0.1969181826774074
3867 0.21338187404818643
3868 0.224109379265406
3869 0.21744795290944696
3870 0.1740354334017069
3871 0.16460332353026938
3872 0.15685317533958978
3873 0.14564605686285953
3874 0.1259399205791793
3875 0.11586776121479783
3876 0.10547901109360548
3877 0.11772369887275878
3878 0.1265928860423709
3879 0.12767684827014064
3880 0.12870991166154194
3881 0.19432700055648688
3882 0.1903034403773359
3883 0.19081806875975355
3884 0.18609156021330683
3885 0.18440188387531084
3886 0.1495981740470729
3887 0.13732931594831838
3888 0.1258940068657979
3889 0.11080334891108079
3890 0.12710387497045963
3891 0.12357702453399264
3892 0.11626010747414045
3893 0.11952231606908315
3894 0.05014826599640688
3895 0.04462159008669421
3896 0.039445409842246766
3897 0.05637052263986278
3898 0.06653176571210542
3899 0.06634966909515636
3900 0.06669234608933404
3901 0.10746649974629327
3902 0.11025034258528779
3903 0.10731521522757631
3904 0.10517249141909873
3905 0.12659495038397234
3906 0.12050859043298995
3907 0.11520243069713973
3908 0.10996568110430609
3909 0.11639372588270708
3910 0.11396405064455083
3911 0.11028481196317005
3912 0.10709332372892928
3913 0.09973584713480672
3914 0.07349721269097198
3915 0.06808461366176127
3916 0.06480528639684154
3917 0.061840201114047304
3918 0.06255473078132034
3919 0.06023332441291228
3920 0.055514705745104545
3921 0.08592598049847171
3922 0.070133830041073
3923 0.06113845084646759
3924 0.04991106055514941
3925 0.06103671930828522
3926 0.03354226333240958
3927 0.029770295190807827
3928 0.028463608604021817
3929 0.03401355616016087
3930 0.06305778619530289
3931 0.07056915960135815
3932 0.07738694988065982
3933 0.09946397499761259
3934 0.1118289572392585
3935 0.11559194741684181
3936 0.11737122310205425
3937 0.11816193162507535
3938 0.09913098783896636
3939 0.10108863246439448
3940 0.10661577933403082
3941 0.12665412381296545
3942 0.12202991862020963
3943 0.11367349057068331
3944 0.10926325996861623
3945 0.1318067900284762
3946 0.21620645637088834
3947 0.2232955897265928
3948 0.23054169815215297
3949 0.22215179656288242
3950 0.1527719566720842
3951 0.14556761334546378
3952 0.13872144076221454
3953 0.14696068066365373
3954 0.22382449424181539
3955 0.23087539970124796
3956 0.23660997869039435
3957 0.25394944718560897
3958 0.19636766883338788
3959 0.16995351700336148
3960 0.14872709692946673
3961 0.12004296438181317
3962 0.20822262840620184
3963 0.21162129740302496
3964 0.2148184535112303
3965 0.20283483841728267
3966 0.11659218276022403
3967 0.10190974438749224
3968 0.09938090226212255
3969 0.10412091483648248
3970 0.20327564924094257
3971 0.211171641897176
3972 0.2182629492913325
3973 0.21590222366936193
3974 0.163799191369077
3975 0.16309416000478294
3976 0.1622931623090604
3977 0.15487992808227757
3978 0.22060869724569057
3979 0.23064952896424304
3980 0.23919384534840615
3981 0.20847111819191708
3982 0.14997413648517302
3983 0.13584768283420548
3984 0.13181007941472836
3985 0.12466179796338667
3986 0.17815277957015924
3987 0.180882526166111
3988 0.18189503287119313
3989 0.18747063653561413
3990 0.16937141431855485
3991 0.16571225210142054
3992 0.16261509667726123
3993 0.1646009641180451
3994 0.16748544677086755
3995 0.17057249980783912
3996 0.1735238332216856
3997 0.12763249265624899
3998 0.20177056797392173
3999 0.19288617498951854
4000 0.19366046279770138
4001 0.12888123992484954
4002 0.07851102145358739
4003 0.07481124252722608
4004 0.07407709285391648
4005 0.06577155874476066
4006 0.09997330652539702
4007 0.10729335609671631
4008 0.10485529845088931
4009 0.04167728730270544
4010 0.04564640176916765
4011 0.046140744289528544
4012 0.04402916303090387
4013 0.06642103933752756
4014 0.08814545554559879
4015 0.09337009789965732
4016 0.09297150608938409
4017 0.130536655950324
4018 0.10561355352021377
4019 0.10522227458294599
4020 0.1049111566586503
4021 0.07914080919220313
4022 0.14099468606428037
4023 0.13814719148192042
4024 0.11984206563280927
4025 0.1840920469347743
4026 0.22408504829117443
4027 0.2119951942864443
4028 0.19913010743550363
4029 0.20702970302624862
4030 0.2274797479680283
4031 0.2265694744459766
4032 0.22393840482211502
4033 0.3297029053081627
4034 0.28681466157221497
4035 0.2678722388898058
4036 0.24017264867805774
4037 0.2817175909614721
4038 0.21914543220076985
4039 0.18047118968147496
4040 0.1228880600172814
4041 0.2878290111962553
4042 0.3164676407366281
4043 0.3004605155769783
4044 0.27411081208643023
4045 0.29745452103184306
4046 0.24514035663029962
4047 0.2158954303509952
4048 0.18488029990602298
4049 0.26956545699232987
4050 0.3026638306251418
4051 0.2947174302963128
4052 0.27732365908119827
4053 0.23475915672301179
4054 0.16240210896655705
4055 0.13703590825131554
4056 0.0955144567515887
4057 0.1922805670544876
4058 0.16432025996151023
4059 0.141908973846121
4060 0.10352557574227007
4061 0.11567212536500837
4062 0.07025987443187487
4063 0.0499094491233546
4064 0.039368408063033614
4065 0.08015495382350965
4066 0.07779069131365247
4067 0.0785297976861713
4068 0.08790797820618962
4069 0.10938372727724477
4070 0.12843742953903572
4071 0.12427838092681354
4072 0.11854868136916709
4073 0.10646255490501326
4074 0.09098161501758302
4075 0.08867166405237478
4076 0.0865182479050023
4077 0.08281409261310685
4078 0.07588721121643524
4079 0.08821719942066426
4080 0.11018110246508542
4081 0.14638458234333163
4082 0.19512991429962107
4083 0.20932269316388993
4084 0.22827383508266963
4085 0.16423353174405872
4086 0.09380987067671916
4087 0.09198020575991166
4088 0.0991590005812043
4089 0.09058370412519441
4090 0.08801396780097634
4091 0.11318491639947026
4092 0.14521003903412552
4093 0.2114870752872146
4094 0.27624622928028275
4095 0.29351649938941277
4096 0.3118273598638682
4097 0.3565103643211176
4098 0.3972650822348791
4099 0.40661312220581763
4100 0.4165187709779892
4101 0.3583721741454082
4102 0.29390659869210417
4103 0.27991632413988654
4104 0.27300049278757876
4105 0.20621210926410316
4106 0.2707738687631389
4107 0.2864785775027527
4108 0.29936671852195107
4109 0.37387037652097455
4110 0.4340766959637421
4111 0.44595497126917016
4112 0.45476788756179115
4113 0.47221440240057555
4114 0.46686410866460704
4115 0.46089878139579293
4116 0.45267881713067304
4117 0.3580141589296432
4118 0.3083457580964953
4119 0.2886532440768253
4120 0.27066478862641974
4121 0.17454798797601262
4122 0.17286098120643073
4123 0.1655692057047366
4124 0.15726498352144522
4125 0.21060031034007382
4126 0.31763499957902985
4127 0.3400044397759707
4128 0.3502965171198849
4129 0.36474037082611327
4130 0.33756771436856625
4131 0.3209240705949473
4132 0.2979339440689663
4133 0.17538173177621605
4134 0.17249426576786067
4135 0.16692640273352444
4136 0.16140367473964817
4137 0.15630521763276606
4138 0.15590864745817185
4139 0.1503790001510693
4140 0.1472040840360589
4141 0.10617807516071656
4142 0.0863529871412588
4143 0.08140817014706539
4144 0.08210119091763732
4145 0.08347604516172331
4146 0.10084168094152085
4147 0.10719212746152387
4148 0.10928750597458319
4149 0.16208748881580887
4150 0.17547513603673381
4151 0.17182870885935908
4152 0.17040850977967423
4153 0.14596503244108544
4154 0.13450929594837577
4155 0.1268640759891889
4156 0.11892622697317196
4157 0.08804787076759689
4158 0.08852152986207111
4159 0.09993026834571063
4160 0.11717652230749413
4161 0.13921588854574235
4162 0.10075977627503604
4163 0.0920965960039449
4164 0.09554439381338498
4165 0.08047001700967969
4166 0.08268081860056979
4167 0.08053237877923179
4168 0.07414100838984433
4169 0.09466661578228965
4170 0.10016477362290466
4171 0.10467707618179986
4172 0.11297104120314827
4173 0.1300805930955698
4174 0.22097926483403846
4175 0.2415038975010058
4176 0.2636511436661165
4177 0.2928457088179464
4178 0.2785208978925869
4179 0.2706456897981092
4180 0.2720696359478629
4181 0.136318000814748
4182 0.15352859798378427
4183 0.16359124710427758
4184 0.17403398392303093
4185 0.18485654716610198
4186 0.20912369798556318
4187 0.21403425420588532
4188 0.24323989259621312
4189 0.29945209435558573
4190 0.38314256317117834
4191 0.3953526139208305
4192 0.408838452473561
4193 0.41044336132838877
4194 0.4068499942752073
4195 0.39923443640474887
4196 0.39470818356832316
4197 0.28138955000601684
4198 0.24477185185143419
4199 0.23606397656166214
4200 0.23387611674165515
4201 0.20208941435517339
4202 0.3083058071642567
4203 0.3233847884076896
4204 0.3393685970337288
4205 0.3580078124880288
4206 0.41416117388158724
4207 0.4214092912053504
4208 0.4301850180422285
4209 0.41832004302355735
4210 0.3997001022794877
4211 0.3913559092911891
4212 0.3823357211255296
4213 0.3263821327093393
4214 0.3099531987378697
4215 0.3039721524583905
4216 0.2994229257492177
4217 0.2709175676434192
4218 0.29865028437135627
4219 0.29585000952383145
4220 0.2896927746139637
4221 0.27936883930916934
4222 0.2710863396049347
4223 0.26589387646760426
4224 0.2567516866234106
4225 0.23485127478936893
4226 0.17838554873487242
4227 0.16559075322846797
4228 0.1464958295521955
4229 0.17675043491599587
4230 0.1465418135296288
4231 0.14361798681986054
4232 0.13948749367771804
4233 0.11529632205691297
4234 0.09397954273551544
4235 0.0892005970689865
4236 0.08801103696854355
4237 0.09783286507420605
4238 0.12547373173453327
4239 0.13840758179626564
4240 0.15463383017268845
4241 0.1574437000345848
4242 0.2115413099037206
4243 0.22198468740038024
4244 0.23784166204740773
4245 0.16567392469642708
4246 0.18259579834403253
4247 0.19309215950006786
4248 0.209293302561586
4249 0.21528982718146433
4250 0.24495734228382812
4251 0.25393684489512736
4252 0.264524235557946
4253 0.3041899872037384
4254 0.3218461263976121
4255 0.32194768052933215
4256 0.3259334532319662
4257 0.3167145905522021
4258 0.351604737187687
4259 0.35454844430700727
4260 0.36024990833848974
4261 0.2952118325147912
4262 0.2357902233753505
4263 0.21926345552188226
4264 0.2091375397053234
4265 0.15888421799140762
4266 0.13340438884604114
4267 0.12032113940338922
4268 0.11299878453562265
4269 0.18651722394580755
4270 0.17449368999539042
4271 0.16172072240988772
4272 0.1525541314257518
4273 0.17260592618259168
4274 0.1905764068015284
4275 0.1834329277831655
4276 0.1804184557473137
4277 0.15563144235959753
4278 0.15470963500257304
4279 0.15142919449466558
4280 0.14997805047471385
4281 0.15428748470504713
4282 0.15222025649429965
4283 0.15299225396111102
4284 0.1539032772704542
4285 0.15368029646003958
4286 0.15397954647367804
4287 0.14947997646203037
4288 0.14623482795987836
4289 0.17739879893531782
4290 0.168156807765065
4291 0.16050253357702324
4292 0.15489259959261018
4293 0.19177662703283302
4294 0.1733593042294034
4295 0.16033799970926063
4296 0.1517269411535558
4297 0.17534811170795708
4298 0.16730957906848973
4299 0.16221030402998327
4300 0.15758470961619134
