-1.9580036298327723
1.602862392438618
-1.6405894865742345
1.699316410410685
1.2230838353401756
0.729594924319461
1.605171194574858
-0.5745394547717866
0.12340692064405401
1.985855735900759
0.19587449417290648
1.4100928225014884
1.1722377526339987
1.0921564080602817
-0.7856935293766552
-0.9520757979867898
1.4894695708918317
1.7170137502120668
-1.0305965043968461
-1.817977184750125
1.5808951398545834
0.08058835621893667
-0.6546663074086894
-1.6875168533750458
-0.048384298981116736
1.6934535722041568
0.04980157320913259
1.7568583358962155
-1.5921260705452362
-0.5630084130782778
-0.58153775304257
1.2747419928391355
-1.7877828613480986
-0.3018381167131481
-1.8879805591251784
0.40878731822648895
0.3643104778042141
-0.9939195400245096
-0.8586275453264469
-0.6197022889081212
-1.2563406122603902
-0.8150932803342066
1.599754218487242
-0.2487019229364642
0.4372428695784163
0.3642977416824533
1.020942620341665
-1.1032819596027048
0.3910940568415251
1.691996425873425
-1.5186468254768712
1.294229324344626
-0.21583757938053205
1.6972556075672594
-0.5654413317061251
-1.8505011274921652
-0.7792464961582826
0.7197275205329472
-0.33149134656519363
0.21689139224690246
1.9762129375608306
-0.4204360443105024
-0.5563432787022307
1.8691844325104916
1.7140901368760235
0.17553192963706987
-0.06943090231951832
-0.25469118266072455
-1.8568182396031432
1.0856516467585395
1.833769764586389
1.9489358029216248
-0.48432759367110645
-0.5699107555319713
-1.0372283737437669
1.7908743849073634
-0.42198285846932526
0.8134132379421719
1.6151280402175252
-1.7976391793721653
1.014403574984946
1.139314791674268
1.469683976167817
0.04521553363235942
-1.5288729694064584
-0.42513364104578866
-1.996955902403578
0.2058879367997708
1.467752207783533
-1.329104035036027
1.3314864510103321
1.7844916125085577
-0.3858149749915363
0.8696862420606526
1.0048402712090798
-0.1643924332487452
-1.9376102755469127
-1.506728194331878
-0.058183615886005846
-1.6886574255159505
1.319485544313011
0.8736580256884015
0.582005041787975
1.5432822638504944
0.1082503967942805
1.6472961456862336
-1.371817156841534
-0.4283742019427361
1.0019400512296341
1.2882159037671599
-1.1999430822840416
-1.6851375372567658
1.2756936114864854
-1.9457732115025306
0.5067068104686414
0.6977497554981862
0.3543287324176174
-1.2542645967167432
0.44064578561242795
0.7228242811505377
1.2540441171170116
-0.5560671987878862
1.5808016765035302
0.5042162500525809
-0.7580606185695284
1.5359675475048502
-0.585319578420366
-1.8707546197297362
0.5240295047661405
-1.942623490182482
0.4499069557435931
1.4655740376984019
-0.9320326105584469
1.9470241675331192
-0.16151124162638641
-1.502054803212479
-0.98867691720586
-1.2962012535420397
0.7318647880609586
-0.6993891138320683
-0.5073109810282603
0.7894536082071326
0.22174818518744344
-1.378481023859373
0.4935245375257349
-1.5009026598930135
1.6955409697560535
-1.937954519237556
-0.2902710623005378
-1.991729235720507
1.4859178803304123
0.7374524995720262
-1.0390694702129983
-0.6312930377519379
0.2991837884384738
1.2968287804853698
0.3645820335554659
-0.6987307304842134
-0.5026730952396448
1.305544447814229
0.3009553360567603
-0.3391994341907756
-1.7017730753950118
-1.7056525995898464
1.1436089405262702
1.8472036642649217
-1.250521540273866
1.267920559096626
-0.6632733179260413
1.5453616466941793
-0.5469388112315352
1.997427881695781
-0.4958816649760207
-1.3267556528622815
-1.8284723346130018
-0.2386039707588421
1.6708251151011742
1.0879990000988653
1.259778708653566
-0.5742702121766601
-0.9538404297802505
-1.8008407686356223
-0.6145283050854249
-1.0559838835902213
-0.6989205341863114
0.6169236511179648
-1.1058693111968485
-0.8195429500248257
-0.7500034272642284
-0.1674273701354183
0.6465645591928273
1.463932321056177
1.255638021362897
1.2509865161329525
0.31864474786844843
-1.7336274666835112
-1.6856438479424392
-0.14377217944804555
-0.9903685197518248
-0.13804185507348254
-1.8996118921567198
0.8674506832721578
-1.0853897941297665
-1.4035428482018455
1.95765172996652
-0.09735003887772686
1.6397627336488645
1.1920616711949799
-0.27886147857317045
0.9088599854056003
-0.18676066670969194
1.632880360619403
-0.5432415244790647
0.6541065488259554
-1.7692957909697302
-0.8557402596502048
-1.096929668377657
1.7903792160834002
-1.0811176053247968
1.5553660925638346
-0.3022861094561815
-1.6702649916879007
-0.23276372245197052
-1.6077757910052597
1.9237830528816633
1.432429875919604
1.9546446854996304
0.3780753973054005
1.487354781555076
1.2258546213770014
1.969951231103189
0.004687797385837911
0.11925597363315621
-1.1537277969662223
-0.809232308726227
-0.3648008122209956
-0.10539491821651925
-0.1889116262056345
1.391443209277651
0.2580375753207429
1.2475649679398577
1.5761235271675593
-1.5067037910768675
-1.635294264855018
0.4313688168400627
-0.48288680308319387
-1.7229159654259885
1.4374381843192383
-1.25347357738596
0.9574153886776453
0.5406446330388337
0.5112516711742114
-1.567592763223519
0.8395414282946798
-1.3357866689133813
1.6285977452443956
1.859533227385795
0.5492404083644757
-1.2807259291812634
-0.034671649009746286
1.6199005066985985
0.5123850898695164
0.5784274750813396
1.5061423612645206
-1.5623384008522812
-1.2263443937134881
-0.6026209941228848
0.099110588596111
0.8721369985431164
-1.4699187211717497
0.10732369840983713
0.3644950309167321
0.39471659587765107
-0.9005627858612208
1.5575766487345373
-0.6927015928877176
-1.0409596433821968
-0.8389941835744632
0.30439270004478036
-1.5094470429701055
-1.61036087230063
-0.8524410991015632
-0.012747935488365059
0.6594504927525358
-1.2632927385830932
-0.8748837035008754
-0.41659871162051987
0.39173979857757457
-1.4325980078382194
1.9923143380042942
-1.8870961553447838
-1.3450723382388992
-0.03704546158505817
1.573386853526138
1.0156777780297586
0.5062091496223742
0.2186179195863982
0.6079268545999401
-0.4936547136037013
1.8475152929082994
1.459386946712641
-0.30854061019065737
-1.6152747076776546
-1.2713064832802847
-0.059949696665055896
1.3196304131957453
0.42974964651558567
1.725523015212767
0.16346517212298117
-1.2341675235786589
-1.092782548455772
-1.2940624546834063
-1.1245255117424935
0.851405357306156
-1.4348339604350961
0.11889410401348899
0.8354355728191685
0.5978782264953693
1.3958079264742045
0.1258666466507119
-0.4286546044389903
0.4066240287994898
1.8371226988428955
-1.067803190220864
-1.765993912652006
-0.3457975562597828
-0.7877774031532665
1.6041016768554068
-0.8709760460685989
0.1786955896753999
0.9525500646249236
0.971538962876735
0.22694464226710886
-0.6655049146519421
-0.06953235541911074
0.2575005634117309
0.21880649156314735
0.08963101566512277
-0.7627438956457615
-1.8061213257302304
1.924272395512717
-0.051431851367638615
-1.2108207389279886
0.9286424842589698
-0.3322943308454871
1.7172711229511481
-1.2705850724950007
1.2807049060863935
1.3285545613861038
1.1374951381434015
1.894608426430533
-1.8040229153678125
-0.7468314588919909
0.18854814146788534
-1.8451101601842157
0.6670268936246955
-1.1813483802042177
1.310491348712425
0.5974673541930664
-1.297439486074777
-1.9408145116253137
0.15448762970618724
0.9227292404919383
0.7453859541508634
0.15339761727749313
0.4449950295201508
-0.9927614805346021
0.777926385057436
1.2550073415061926
-1.2015713746646268
0.901416022096484
0.14759766562497978
0.7472058917333317
0.6245073098312517
1.726455333424699
0.2890341760826467
-0.4077141689779413
-0.14367698642174354
0.9092526268281103
-1.8222192537908941
0.26218927284139326
-0.5803395617272709
1.757010645456199
-1.4868113114365715
0.6702124245435388
0.819432101027485
0.7766884158760967
-1.2423536371023767
0.5172691557163103
-0.4008829823164124
1.589538656408354
-1.2690959893421865
1.3718720212161553
-1.0068159412988331
1.3207328350942138
-0.537770423366783
0.5524501250931508
-1.690665952691369
-1.2081001674064806
-1.9565485838451937
-0.5317033561155382
1.3017224431275913
1.8320346900992623
-1.6411450024230017
-0.4277620669193425
-0.8775711176298309
1.3277343988236505
-1.0390623259002814
-0.41653893951095977
0.8441567628906741
-0.9110128420358894
1.7054993357833625
-0.2214437380395684
-0.8288532589494211
1.4831284650024994
-1.0429536575146332
0.10218066684115135
-1.0898461462595201
0.05965417777785653
1.712020978612407
-0.9712519985421584
0.7698428847353478
-1.3255624610663759
-0.9180692853657915
-0.03232299698645935
0.4969850667158022
0.4356040576804885
0.2513133228351214
-0.7557926768953003
-0.560262042872786
-0.8154561644403024
0.8677807286134294
0.34185704818150286
0.44415235532447195
1.6393471163967295
1.4457582395632738
-1.8575013595357976
0.14620787806534707
-1.7046748837381624
-0.9770653758981522
1.4173408770777418
1.492196858545788
0.08948271918120643
1.5806578894846988
1.9230989375404244
-0.5236555059964121
1.2163267261993003
-0.21259941414068395
1.4747791194643312
-0.8574890135616959
0.490217385321424
-1.8596195241070061
1.0708481403520138
-1.1121437598726125
1.8561465389970722
-1.4340909147325722
-1.254660127651491
-1.7480221749783813
0.4688565980422106
0.5785290021431626
1.3350647809647902
-1.4909309385113594
-1.7623233257847604
-0.12614373566751702
0.4023708819966534
-0.3062615727992668
1.9597092524701551
1.4983821894639302
1.7994177997092033
-0.6673106851546344
-1.5942328168144004
1.8590573295143842
0.3187913050061333
0.9973294118414744
0.7650207562649949
-1.057685909904595
1.475786719075685
-1.5981089017353423
-0.17271319691060194
-1.2922310416923293
1.0887878213251954
-0.1984645463185295
-0.878899441090979
0.5039541333954309
-1.7483638661748442
0.6773712143883146
-1.538014751701882
0.5489936562414033
0.5685526232369313
0.444035058647823
0.6517275407021192
0.4561801440875599
0.249109547788525
-0.617125125721584
1.3496588235123186
1.4435327153995265
1.8290883088766856
1.8210466688361588
1.7894629617237277
-1.005218846411228
0.9123143838498504
0.6214047896731452
-0.6660846981092665
-0.7416292665392277
-1.3524980981366745
1.04472547640799
-1.8089475007381295
1.8125180768874838
0.523352395683502
1.7518182398876432
-1.0703613477264065
-0.6556674307374584
1.6009386329488957
0.3061232243933336
0.953817339562991
-1.1066345638848456
0.9927838959696751
1.4629002421330455
-1.700813398771706
-1.998616102428703
1.8044428839430662
1.916624207218777
1.4657311025526782
1.5851147630469082
-1.9776830597984412
1.8559099892808937
1.2406167383417044
1.8405563252012973
-1.3925191624174817
1.0258240333516295
-0.6723865830429183
-0.9791189805122182
1.6815817815844118
0.049727013081898086
-1.040520539841312
-1.8158628055922859
-0.7778803010706117
-0.38822481836483336
-1.2092117628422474
-1.8489550000617467
0.9388650922234074
0.6406715648110817
0.8815409866482731
1.697089281588728
-1.1197880408061245
1.8040200880658865
1.6083239805568126
-1.7208862220077208
-1.6717103452262316
0.5087102133421912
1.3190129401280495
-0.5749671684119924
-1.255063598007121
1.9349794632349737
-0.10535804864363651
1.5733525341267205
-0.8070331596776574
-0.5442751087466164
-0.803193629111687
0.6158003481925909
-0.5884438028698327
-0.15237651146916154
0.8059077293723336
1.0916246502971734
0.30537507831763255
-0.36075985334683214
-1.2986783414784755
0.6691504213637676
-1.5668369803575604
-0.9555344348024448
0.6414485752288415
-1.5998575049463764
1.4429581957969146
-0.6489436085692812
-0.037512685826088354
0.6521020209700419
0.43052440954319904
-0.8555553872605661
1.3734978190213485
-0.6470185905034298
0.11689610121450134
-0.9370378033322435
1.3142975423895726
1.0084816464605222
1.9636365988211226
1.6027353886164568
-1.2143783347875545
-0.8856602209788456
-1.516617109101567
1.182341115614462
0.31871969091314156
-0.9944795483532034
-0.889523437279987
1.951866198392084
-0.16644307618562504
-1.1943993382848386
-1.278500478357552
0.8199676039713628
-1.3649889287574273
0.49426975504792514
-1.1981644384265575
1.7033929577628188
-0.6711137156083526
-1.1004255713864328
-1.3455909727705397
-0.6017604520173223
0.6839002151997975
0.5733857291863296
1.939512065512052
0.6961853045840662
0.09308858511319729
-1.1109241247197308
0.9858214696630365
-0.6042494556632243
-0.8856270197120812
1.759530788819383
-1.1742584943010868
1.528384875093149
-1.7680165925212017
0.4756835429980457
1.2204628438358585
-1.8278295107544276
0.6513631010540339
-1.0136584995379003
1.5072786021867728
-1.7108411978108728
-1.9579126238764282
0.6677541253903314
1.177982302499851
1.5875448142726967
0.12979005189931492
-1.7268888075071978
-0.8382353194358787
-0.11657887957665825
1.131824266222507
1.0209583176325552
1.6179380097214384
-0.21883161514472382
-1.5838602780052349
-0.742668186504511
0.24056076841852203
1.750149948506996
-1.6468868427563303
-1.38334499012162
-1.31865311320994
-1.0442003270369655
1.08211720025446
-1.7197387521383551
-0.2886928055861846
1.424265947981497
-1.226346408432458
-1.2763790377469033
-1.713375676220433
-0.5742143122915642
-0.5406809957297001
-1.2746938474855525
0.10198643367811089
0.2371805479551541
-1.8614272693006733
-0.09216455828959846
0.47529817879753633
-1.7746138229159998
0.2705486924618614
-1.2188121718421736
1.1709144267822853
-0.9559449674372793
0.13772246162782453
-0.39639412600241775
-0.8039774427685225
0.963761383336978
0.7901534547765157
1.5548850538662395
-0.12495370965331443
-0.6495083746940753
-1.7561069762403596
1.4658285322332514
-0.5952751215853898
-0.11174467308086422
0.9136214527367073
-1.7322811362357164
-0.7039707225398955
-0.5017949429187314
-1.0076163770390516
0.5654483364760905
-0.5032292002864778
1.683625515955081
1.6013321222276264
-1.1502246282734556
-1.3789856862768572
1.7577665050663671
-0.4091169875450804
-0.14276497146742173
-0.1511894580709514
-0.40209604325015524
1.700296314978071
0.30829044252411064
1.4255722849466674
-0.449531595721508
1.052821550540156
1.016851916606318
-0.8644938941155647
-1.620109043474554
-1.8973079464581337
1.2604636627724046
0.7278795706339567
1.8179274865712864
-0.17974057377747688
-1.7973228677664697
1.6448237644337556
1.305487212804565
-0.41566901313105387
0.8062959220696966
-1.5328143354422905
0.8049647348130513
1.236841641590456
1.7234560627604631
-1.1422058157015367
-1.6476229493749912
-1.263376221581098
-1.1515949561854937
1.5482974361500337
0.5732652854404372
0.6186744959943891
-1.235434479445003
-0.3723197115895296
1.4657541746998262
0.4191769402737733
-1.585768562936447
-0.11263057270452936
0.08487740553434353
-1.926177663384132
0.4835041222744576
-0.4321905988606849
-0.7055567391681197
-0.10993773040747756
0.8795890277811966
1.6571066335350708
1.6723607939131635
0.9888186268661756
1.7595695072255229
-0.4701392059572025
-0.9577751450741863
-1.4954338303227641
-1.5389928701872977
-1.8908319693598807
-1.4006376758451426
1.4091800869080573
0.14105435096072316
0.6828409887884139
-0.27342881224637106
-0.42204075960922394
1.0973045169494169
-1.8861163509295609
0.8117547961962668
-0.33228231047916923
-1.0080955019101752
1.349061123194439
-1.7539402674139772
0.949321575349535
1.4687481921082455
-0.915004496653868
-0.23187818054858944
-0.9852201822927262
-1.7957200254198113
1.6337260439379961
-0.9985594048717044
-0.6542441004360637
0.5437003300339747
-1.7269451187721785
-1.3443214118519284
0.145809205791549
-0.21758088743686832
1.687879662714519
-1.5927337221754887
-0.6199029930509683
-1.959252981311593
-0.08206251323088098
-0.727635664547055
1.551429013761747
1.9688232175580755
-0.21046685756558992
-0.6938313615670837
1.1431469407685562
-0.398288512124374
1.8679539862139265
-0.38420867302496653
-0.49744929887849265
1.4585394515962418
1.119668147106582
-1.7998040782060656
1.4692878675929633
-0.7814013754539539
0.37127633036784324
0.473079414958387
-1.5916551159438725
1.1275049868461253
-0.15554530726034477
0.1920107044811119
-1.9498438183437101
-0.3949741449331823
-0.5694249644227534
0.219762452064586
-1.8281317010139113
0.3085587539660617
-0.6522507050254505
0.2680997459330232
0.0529432735741735
1.248570996007849
-1.566040632762013
1.066722689557289
-0.5943917715974378
1.0893891821418102
1.5645943839777074
1.157107620672762
-0.09690697752101807
1.9539870918653235
0.9166828859983744
0.26249866801761623
1.7612957269771585
0.48904209065413307
1.8859651721148567
-0.7927217835858555
-1.2093206905919103
-1.6779393549907708
1.2107256522803205
0.09211844043557971
-1.8803583377743416
-0.16787500334081518
-1.3268687908114978
1.1666223410409424
1.2854292343204308
-1.7337890548674197
1.0133845687821665
-0.26245330958444946
-0.6015940533102633
-0.6764288261639733
1.2434197895488706
-0.8233357358181177
-0.6546367027388329
-1.0699527156882138
-0.9458885342879375
-1.6892014093090775
-0.1672177337399927
0.3168956265869709
-0.5089885811676198
-1.7292454968447895
-1.052846486278134
0.8686853994907748
-1.2409390651779657
0.7501906755646228
1.2347615578917392
-0.5329705826952167
-0.9367607493545123
-1.3698773074836805
1.70239389940798
-0.7331792373340731
0.5515912982502966
-1.4123573519782342
-1.9854458851738421
0.023436044161010194
-1.161864801054978
1.4633353916802818
-1.5663663286346128
-1.582342616760731
-0.3699263919185616
-1.854504942537103
-0.22076063207561392
0.08166446435496733
-1.6953543750035642
1.5385572684718518
0.016756245879983034
-1.8529581967351771
0.002605501668717647
-1.0053923156070899
1.5369222728925958
1.154756902214999
1.190528890293061
-0.8330967401685876
1.095954806381565
1.4857228901973278
-1.4081795064559661
-0.5919427474809686
1.423826386027899
0.4672515739382068
-0.9452539059635572
-0.3624981614688454
-0.6919670239387612
0.008849366696606964
0.23146949720426502
-0.5889615420991801
-1.7481928562215256
-0.8914504635909641
1.1153171012453122
1.249903127617105
-1.373687022446933
1.217057735033066
1.9479732382160244
0.8341720372429169
1.6421678579656125
-1.626594130653129
-0.9217786209032286
1.2413365848766498
-0.6792081242638113
0.013415673307238585
-0.6218700605593668
-1.717211624051989
1.3687579558517133
-1.4308515172604275
0.4325445619002628
-1.096590495053607
1.4375480116650086
-1.1539882116619764
1.4333546810750462
-1.1008009202453062
1.558246076837745
-1.1196477608518332
0.55135627836008
1.8203036581724712
0.6476091811063336
0.7211685207234737
0.3417810210777259
-0.34694511751028223
-0.7185150687284136
-1.3503856913004015
0.043198471386101556
0.006271178230038643
-0.6299981523377842
0.08260628848231599
1.1498095099644114
-0.7785133021085215
-0.24627862422631086
0.9467165071520669
-1.6080420759605283
1.5117788336044709
1.9981716839781338
0.34377974552206814
0.4752246679818062
0.351512091229254
-0.8508578114346892
-0.6283766892645954
-0.22866261745926497
-1.3176481855300648
0.4866975398213689
1.6066053698156324
1.256649400203821
-0.9918788212403862
1.8528223873231426
-1.90702147145682
-0.3845298124254093
1.1954528913329856
-1.1569925609123728
0.07751281544532418
0.1429646974325176
1.6084979814085183
-0.02620182413112282
-0.0014246911720974254
0.8636421483822829
1.1438313055220442
0.5453510791954743
-1.0538426701119992
0.12263316774265087
1.2929835642549996
-0.7075829460034764
1.1913776011392905
1.1102100935045685
-1.9016265489302464
-1.388285430030967
-0.10883892963319086
-0.840292674509191
-0.8311837890448492
-1.2766429584396906
1.0832332098365343
0.10854629147969685
1.8300664336297232
1.658777262811197
-0.21994702574960723
0.9247003027158294
1.009634253869372
1.5902760333002304
-0.9809147052585527
1.4363908861625942
-1.242842226462007
-0.7216198702004015
1.1800052397589962
1.8224976606140286
0.9426629384927407
0.37285960842330956
-0.04222903264148048
-1.596554866502181
0.10854831207697568
-0.23660275579125578
-0.1255330586264538
-0.448999764372505
-0.7075662054436545
-1.0923144057364196
-0.32875313980392296
-1.8332148205301624
-0.2848005994842979
1.8276187593155866
1.1735466021194756
0.9574362496178317
-0.519267942977168
-0.2536379417936012
-1.2601588295375108
0.747965177671984
-0.8629271601361035
-0.1020168459910229
-1.769477958833018
-1.4115323408271623
1.4563605129713397
1.7486610208552777
-0.6513653016132315
-0.22106848569002002
0.9185756750706635
-0.1781765507176094
1.9022524737600097
-1.251829096641257
0.16303572955630674
-0.30312449803172603
-1.5695599910467615
1.4088550318939794
-0.04499816460515049
-0.14699873780110373
-1.0101488775937755
0.009503286744469097
1.9425900456144496
1.3608459769985966
0.21408087531443032
1.7302824585310121
0.05343623014387466
0.25219325599636466
1.909081977389656
-0.16611861698122876
-0.3244795945314771
1.6043946619102938
-0.3169542036190651
-0.7509301522347394
-0.9466968370112467
-0.38586730797160973
-1.5848007074428705
0.6020757692935401
-1.7018370397078653
1.1768577312585848
1.2092699916631244
1.4180784508625761
-0.615840086805223
-1.6204305047467544
0.36656029347015906
-0.06575508745520464
-1.3506748960451551
-1.396753068340391
-0.6689931961998781
0.5240146133264614
-0.9486213655676039
-1.4950938366335915
1.2120695926685854
0.5269483561603638
-0.27505089849477926
0.41752556338618074
0.5350157718852091
0.8878944439415619
0.3108965178198071
-0.8007342499890577
-0.06651942848954207
0.9984342686099033
-1.2825173637418756
0.7295574799803775
-1.8151204351986348
0.6695079217069804
1.1521243687693539
-1.6296376067094762
1.2313497035407668
-1.2628198521095606
-0.1755754685770401
-1.4805840157910155
-1.4024956895469431
1.5388460276619043
-0.020374099915487776
-1.9136423776922875
-1.725358131895479
-0.16760387791473041
1.688687741956021
1.7399965860918019
-0.4817298068028024
0.27019736831115626
1.9035372229556589
-1.1618898421868988
0.301095313905992
-1.5607304418625167
0.809199566280844
-1.7030862843236059
-0.3816183505860722
0.7724804529326561
-1.9227395752933245
0.3093890086447888
1.357371688407489
-0.03550357699528295
0.7491662098336112
1.1561091666113565
0.4915002704270566
1.7406595022019449
-0.6811639929093278
-0.47598591403296364
0.38200719590572607
-1.1017280538882521
-0.008654683329345936
-0.8907733092408829
-0.29751069064037816
-0.4146678941075983
0.2997064078387819
0.7957325007679228
0.47856800747155903
-0.8545520860415046
-1.2495300217336842
0.8216019346134971
1.4309319579311786
-0.027041335287034673
0.27640452079871647
0.6524896399850793
-0.9948701980847181
0.9554112549996674
-0.06378443719440607
-0.05360537943559063
1.1871500631966825
0.7481742780817715
0.6965427449653658
-1.3765887811719861
1.137620448651671
0.5494018979045623
-1.4795945043414611
1.7606866701025337
1.4221519983806932
-1.5337179074396756
0.6853436798372914
-0.1932635032630472
-1.2639132653871834
1.2801173017404475
-0.08444876150877434
-1.1938182144365888
0.8934300833073037
1.7784332992265908
-0.6151574534879085
1.6697345732199649
1.8512023573510774
0.2603697983714772
-1.0767581961275656
-1.1989503498971215
-0.8687055510921877
-0.967979376626964
-1.2874539987589797
0.40859084662544687
-0.6844101082723482
-1.3805498741058138
-0.1236905959634318
0.27822138206531566
0.06158107055266493
1.2099017443423241
-1.1790938099583208
1.224557165430288
0.6893259788362256
1.3197254090156578
-1.2894161438455973
1.1005597631500432
1.02798923234569
1.3979871062214961
-1.5333361356631423
-0.7713998245101985
0.6004291577140082
1.383915481889523
-1.339887742098476
-1.6111163692506945
-0.9452405174540024
-0.5480978468653954
-1.9338707285198127
-0.47551381056514685
-0.9476561374133046
-1.1752298886398833
-0.18906053223000763
0.8956374408113548
0.6941464632256347
-0.6010327977595993
-1.35571702004452
1.4307159138974295
-0.8361406967390308
0.5951885731688997
1.5016607692268509
1.9122913088444675
-1.445829343043577
0.207345580762484
-1.224490852916127
-0.23065419345763738
-1.0298962242749403
-0.8362799263501759
-0.6313455847102376
-0.6546806591035392
1.3008627360291367
1.7056968874043688
-0.6281807257055836
-1.9624865296510063
1.6447467933920121
1.1170917560857538
1.1568411470555167
-1.4072313930755018
-1.829472121120785
-0.6068252042816806
0.2024409101872653
-1.6047158088405347
0.13626124652178495
-1.1535785600798114
-0.6887807475588517
-0.18593903271204715
-1.8270348233558922
-0.1358363485889904
0.7450604779470549
-1.4009964524030956
-0.696801099296573
-1.7562815481139418
0.31148379907738644
1.153457701620765
-1.2747172295728273
0.7224448858473482
-1.7250482404936975
1.0315112201453682
1.9932029799751847
1.56508909572998
-1.0167514463206646
0.23287081461206283
1.9975595701803246
0.2568367441903576
-0.9917450964746677
-0.9911935343165439
-1.9340721835708292
0.25619037585966353
0.7701839950927147
-1.3460746540494983
-1.696195396027203
-0.6753480953718376
-0.28467923344181223
-1.291481525634218
0.1659857167719716
-0.8266546310463854
-1.7093822115375343
-1.153987691798939
1.0559523093388186
-1.0758221424466585
0.6862031545139708
-1.808663274850848
-0.42183744883505003
0.1538241232800699
1.3448536086603742
0.34872569698969214
0.8436524785765047
0.5734861905558364
1.662723418789433
-0.4390995631897927
0.5840845269144692
-1.7441880031244144
-0.2582288505578525
-1.9598386487407327
1.056760658244177
-0.4852396380714059
0.821071806628586
-1.652019664228753
-1.3209945901890916
-0.8003199388441664
-1.677036635061826
-0.35875339285280594
-1.8215158056406513
0.5398607967789117
-1.737680690547033
1.1994031355335828
1.7915069678497222
-0.5555113180199309
-0.7506162610402423
0.5473508209025746
0.4865427076951674
0.3592526452167486
0.2674844721251235
-1.765113101409649
1.0508000057586724
-0.5473338505058996
1.460990178876982
-0.3395666659738308
0.5326459353849926
1.6532972504307812
-1.1728714359277275
-0.3263581049282056
-0.6462306297353422
-0.5087788138660243
-0.1923328461554532
0.6067990925181723
-1.0973913516309657
0.5435554101610278
1.225553671124163
-0.6104559075373532
-1.0753531384738788
0.8442354482092478
0.005787036967538128
1.6999791544827785
0.8240539760065966
1.901362210719419
-0.6197123267884224
0.10309623087418629
-1.8572024706727768
0.6422512696238751
0.22508585713930707
0.23600000866754156
-0.9991373363625256
-1.3908420950226357
0.5596847446389361
0.8705754244537314
-1.257634462318165
1.075200118301845
-0.23716113182020981
0.10469601848496701
-0.20205071439592137
0.34474031754753076
1.2446691086372552
-1.5288199495788568
0.4300323515314597
0.520254934444587
0.5184826742371049
-1.581710722517152
-0.3783195807062629
-0.45419724436240916
-1.3422141919255468
0.10157348047462689
-0.47018698896103484
-0.21920806908902968
-0.8083356417951251
-0.5430268456009313
0.14514642911180653
0.1280409297047309
-0.8424079478705631
0.07806365957896766
1.9442407029591338
1.5757908754085537
1.9197545555883342
-0.8981830376592206
-0.9587194305115667
1.8787129553929036
-0.2128660331019887
-0.7576260265519266
0.6380018092064552
1.7858921914620245
0.6037077116707255
0.5240333845743859
-1.6826524253068906
-1.557799625320178
0.08203989453253158
0.7147192057758134
1.8521963139361235
-1.466055605250482
1.4215972944431994
0.8554048254931295
1.4148896560454252
-0.16731158727225104
0.10712849175084527
-0.5293887371858705
0.9049820327540798
1.7808432835740988
-1.001941935292828
0.47104383193510957
-0.5660975587720811
-0.04916129192715024
1.9854205614166207
0.06432498532508113
-0.9280475014072498
-0.31288715257507915
0.2526038559268118
-0.45198802087093704
-1.9554181005900855
-0.2829806189710933
-0.7851284142832302
-0.26540101198228694
1.1776553797217182
-0.9476183363190644
-0.12324139821796987
-1.966335230335707
0.9782534910946699
-0.5898784236605681
1.1550656973511577
0.16229840018533626
-1.0694519366729054
-0.5449200482045482
1.330914946304591
-0.3072064957379781
0.13225214122402607
-1.2259968586850074
-0.1775753543146532
1.3628497881178392
-1.65564889076076
0.7986008375805578
0.3121422113645784
-0.6471974436779369
-1.360765283320435
1.4698511871003732
0.3197114314033582
1.9016809576417733
1.2398693379937393
-1.172705428014948
0.4347335084129025
-1.264553850516343
-0.073263265558007
-0.051566193609358546
-1.1534120033669275
0.33010492316851003
1.8360694352452738
-0.4208275832324988
1.6252097007529356
-1.683436612479699
-0.38720034814478854
-0.01706776447931535
-1.4669958034772868
-1.5850841450074404
1.9128019704144106
1.502272282653209
-1.201420923099969
-0.4877358832894947
-1.0386924775333686
0.7076334803133744
0.7132859636785747
-1.3293724122443478
1.9362850362577553
-0.30884814702113594
0.9074882480499422
1.8892536797812638
-1.2014204770315238
-1.4501808081318845
-1.9294462214410175
1.127683184940027
-1.0580925302939566
1.278128254956851
-1.3173950359284228
-1.0840299994161313
-1.5245324634770974
1.8780352824020152
-0.5647687842579199
-0.12498277353149634
0.6086976885350768
0.21305609202695486
-1.2683813229102174
0.2741019960636235
-0.5970203446883602
-1.9099192886683616
0.7670952058084408
-1.6092099570281815
-0.12136659028337426
-0.8316008060645554
0.14029270918876424
0.5016854722511828
-0.39327195203547616
1.7962869601964386
-1.6289871611662923
-1.7872591751322635
1.3024346780651972
-1.065820942185347
0.9316489693535681
-1.7428494468142257
1.4140113187060717
-0.017989990566125602
-0.23224085892486457
1.472049711686056
0.22458278435627843
-1.4865555038808784
0.8176077903515084
1.0888246131813757
-0.2044220296121706
1.3143788452066332
0.8890048237643611
-0.4407237780371718
1.913687479391907
1.9101169241147278
1.6261411676386435
1.08067608956252
-1.5728815940304939
1.1080267047580614
1.0158429999504128
0.8773083808538016
-0.26621916441133653
0.19329565695587503
0.5725654460061054
1.049044567740709
-0.48961512703169063
-0.28610569825274057
1.7327649828835288
-0.7402255127811643
-1.185114373644732
-1.1074716510578195
1.9043986428885247
0.15960740607919544
0.2706840439594478
-1.294140031549631
-0.3740646804247154
-0.9904133725569682
0.37181068509734017
0.7466000477698782
-1.844385450259718
-0.12332113654000931
1.1514435078872918
-1.0126015585521135
-1.629884970321593
-1.3755720385465824
1.4638812635714697
1.4579997936200129
-1.184018803222337
0.9013748070979313
1.615873944080906
-0.44091195351177204
1.7867163648836
-1.8571927388401317
0.951590215081735
-1.0497296876216562
0.02561746680634336
-1.9624536330685185
-0.6268348634332535
-0.9772786565105318
0.8170453005369036
1.5557553727846187
0.6843492078878555
-0.22049990776412587
-1.2740407320793152
1.1411974937517018
0.44294966688342186
1.2468014285063171
-1.9147191595348327
0.753294468876204
1.7809594634343422
1.308751856646479
-0.47290138251092095
1.317142390949431
-0.21855672168687024
0.019950099886096417
0.2937589573392505
-0.044649825462430126
-1.5812572246739003
1.3877124515189156
-0.8578198492628619
1.6513902952796204
-1.1831682025486545
-0.22229194866525015
0.09006155175885366
1.2400368087114124
1.75889709434965
1.669006667294937
1.3814563464764404
1.576445727314522
-1.049080118116191
0.6358448445478322
-1.5523345177113286
1.4638955342470097
-0.7479408488265378
-0.4486526859324078
0.028432085747889246
0.43178134244789224
-0.6394752705854416
0.05119132891506073
-0.7823613143469044
1.3870429875793486
-1.2912057644353814
0.7319225800450821
-0.32612753271079997
-1.8651598885784626
0.14556482162991236
-0.3398224205784821
1.2818647770483333
1.5618348564226525
1.6480397372500306
1.4213437200517314
-0.3068922370701168
-1.0549848908387318
-1.0661267426342946
-1.598261463097821
-1.4008889844102739
0.27540165642912395
1.7712659267556923
-1.3490507772765068
-0.6489892661235039
0.4456687207804966
-0.37044861123158856
0.08484582163719523
1.8360837737465432
1.6852959254431328
1.006758223129943
-0.8911583554240456
-0.06339429012908582
-0.24246251841496935
0.013364191246437063
1.4285978579494838
0.944474316851033
0.8400575341350307
1.014147105543024
-0.01065634718421471
-1.6729867760816268
-0.7686367519091926
-1.1944799635998216
-0.5422717879362393
0.2721733531312345
-1.6260568360153904
-0.7718700692564222
1.1879410310770369
-1.183509124254107
-0.24325937887296067
1.3257999048145965
-0.9477351628948347
-0.7479003578710506
-1.4524831306870403
0.38918815633012427
-1.5923101246961577
1.7469022178790996
-1.1811456913276341
0.601054289255786
-1.9898067266753565
0.4085220966933747
-1.862735380214379
-0.4595037215891651
1.4878368737944125
-0.6288935523204633
-0.5307178179796068
0.5683379396492465
0.7178108286079881
-0.45870012945039385
0.0016706160298332051
0.7327657993665952
1.883492395550943
-1.7053069233584544
-1.276512901356106
-0.38396519516264727
1.8270574621013904
-0.8428068641829003
-0.7441552829947686
-1.8182266691192521
-0.919114420878711
1.6429092557977594
0.18688405769477923
-0.4120248864949474
0.9178650188093047
-0.8356835017625581
1.2257145965963736
0.7506227529269469
0.748081817609223
0.7239048742105876
1.5304301669602802
0.32631443755821854
0.7498151516969518
-1.2363838869278343
1.4563298032447398
-1.7078652941770525
1.1095507891294636
0.37554637117698686
1.2267144924840463
-1.575794670177681
1.5396596108333416
0.4396444802645494
0.9291281626813834
-1.5691244794724075
-0.12431239795265414
0.27949323519149916
-0.47581552730661825
0.4413234447090746
-0.451715676680263
0.3060781295237409
1.211182655534159
-1.2351468709421924
-1.7498410699498215
1.1543187013830392
0.434494603426423
-1.4261194326101458
0.5881336147474907
-0.8072099143446403
1.2347684661144407
-0.7330746689198837
1.1264132652420562
-1.4741169147268183
1.6968482024695333
1.576552477850703
1.6612351500581717
0.5281853171872832
-0.6068083067330399
-0.47848301144138006
-0.9915915739126255
1.7433473128215948
1.788020922657716
-0.4763892467717201
-0.6526498682752115
1.2596715107180008
-0.18223555728977514
0.5423519422788141
-0.6328791340388653
-1.5382241739729872
1.226273921847898
-1.0810215224543498
-0.35134539578940016
0.7242465265542339
-0.6553539822430068
-1.7679074600551439
-1.466425619382949
1.9963589277807317
-1.7770818619726705
-0.4160792757766525
-1.2807389945045733
-1.7601142423536378
1.30157280887365
1.6877033852814414
0.3397121003860155
1.5587217313219597
1.0795245084621783
-1.6929647164279724
0.3725814725967451
1.2171716041939504
-0.24200584848908724
0.6442346872855738
-1.2452647609502847
1.8595072792819676
1.436421945458719
-0.10062102423305674
1.9208906056542498
0.05108840822637184
-0.48693536758509604
-1.5781797818457388
-0.2895913434224724
-1.7148933029025462
-0.24342777123806103
1.9764636633729151
-1.5181155833564128
0.734418998953275
-0.27361947579553414
-0.4495659416159272
-0.4453957575879981
1.3812254527845829
1.0739819673335251
-0.8622463028107217
-1.5814955174491572
-1.9983397799429117
0.014466647833790258
0.26462611157731963
-1.4326778333638823
-0.894267891790693
1.8623684312391497
1.3813283827746177
-0.8262074262369792
0.7928170776892913
-0.6659587063263945
0.6673089799339271
-1.9396998957622484
-0.533845967392788
1.232522840056188
0.42190420436972076
-1.5499956036165141
-0.7415382891915292
0.07319613731006669
0.10565258882975614
0.34654852608051057
1.8443272518727936
-1.6132508403178796
0.4685037360853741
-1.1676885330560363
-0.08533767906704837
-0.08768023627923771
-1.4638722216798632
1.1943013812051237
1.4081792519006817
0.7779808717034373
1.7015475743660313
-0.5375366942276405
-1.244895524740171
-1.8434149570095038
0.82887059627445
-0.3082610888681039
1.9103580981965957
1.947288255030283
-1.0354409210321065
-0.9452987264906199
-1.7797544316736627
0.28539014743486435
-1.7966763726448218
-0.9312073343260185
-1.7400000672123777
1.1718555398293873
0.33208784436517824
-0.952482416024818
-0.718843560492274
0.13404957794807926
0.6814574559578079
1.1597539015216314
0.6445454167740321
1.980068421351877
-0.7472360391567854
1.364372624119469
-0.480837857156736
-1.2784052749743107
-0.8218931828996912
1.1150988873129033
0.37559546665729693
1.0942326403876232
1.4723143429532506
1.428942065965586
0.43237489676480134
1.0368516844288491
0.1837401705654771
-0.8780339388363694
1.8084848357417087
-1.0398776978778428
0.5387825732031666
0.11924029966557148
-1.6587189119001589
-1.6767348028124522
-0.5035381990999568
0.3003024088922497
-1.17673328775322
1.9141589493982925
-0.5622940344198617
-1.4377036859824588
-0.015943886407240537
1.7341580296417178
1.8567163143440708
0.724173867472997
-0.254759749654887
0.6303145520167575
1.9691682197173193
-1.0862024924773
1.7076718786215497
1.1686703217691483
-0.5871133050121835
0.6795122939236204
-0.9944728492173236
-1.7303405426252376
-1.8934231492342608
-1.0294617553667824
-1.5001990973593529
1.4922856353800142
-0.33424602003680004
-0.7245710369225975
-0.20945753745884543
0.1334399798267274
1.383418002574591
1.1280044253403627
-0.5369694654373371
0.6145203606467349
0.8880884388091523
-1.7862975666425118
-1.4121862123158326
1.3765301575402011
1.8411611350949615
0.07888462830736609
-1.433948935437924
-0.24541117818880842
1.2266152164581183
-1.651024886404584
-1.7369892868750862
0.20485906511229945
-0.44218097047738913
1.6625491561532577
0.48865728682223253
1.5887424288221044
-1.8765632741989262
1.6064089295144153
-1.2832947153331604
0.6649438367533391
-0.8327201445424683
0.05497923713174169
1.0383563689694162
-0.018249015381396116
-1.8028894716447184
1.0011782160926952
0.6430245073679539
1.6136076817189795
-1.7644643809638287
1.6878680674209985
-1.5702785449545558
-1.2190786300498342
-0.09445154190211147
-0.20724157914029062
-0.05088515674009919
1.4624588503845293
-0.20534206867986704
-0.7815785567936993
1.0843363431730384
-0.49021747646587954
0.398087269211596
-0.35761561952069476
0.8539335910279919
1.63613432350851
0.9784770471260757
0.3193437131587902
-0.029867657863248187
1.3234923115901398
0.4711826849876677
-1.5173680540047503
1.880602584869135
1.5049709662025772
-0.5186266273305602
-1.3546715270616692
-0.8155256435015024
-1.2065788848986458
0.7421004479286908
0.11787215399682127
-1.12328338046752
0.026694894739221375
0.3638072929287821
-1.710827941131698
-0.9543303276630364
0.8978096652407022
-0.6099057676463979
1.830637105337399
-1.3525314199730252
0.9944617695289621
-0.38306403556151736
-1.1941976198610655
-0.484564398064975
0.5588374275509618
1.998504861360908
-0.9823499215588969
-1.634263983732347
0.9900196203761209
0.8497159453469854
0.3121547021572213
-1.476140381251204
-0.12040057188649111
0.6442763992230605
-0.9664905930999601
0.7306855022870846
0.8589617368780518
0.6426757482975973
1.7154478431681417
0.3495871246661246
-1.372843100609321
-1.5318205205618844
1.5157189566542293
0.6141531982334021
-0.9670013546152942
1.25487064034049
-1.2483954183910329
-1.671637169932898
0.29994045099926003
-0.7076315130741433
1.328316063988812
1.1562269038307424
1.1451916538427414
-1.8712266345583362
-1.7801267708356039
0.2808957322819601
1.8651236038933394
1.0723552868464066
-1.5545121843182903
1.798704695531181
1.0875610787789225
0.357093997650888
-0.225605117130121
-0.6114044273498429
-0.29882375910774206
-0.2750014145832469
-1.79825708220346
1.27434567332678
-0.625756711315478
-0.5035512490117182
-0.9677145341137394
1.6389284967525666
-1.602957245923181
1.435508014791762
0.37396385972621715
0.8477518147975722
-1.188656778977121
0.4671836276276169
0.6856818454469495
-1.3103250969521074
-0.2239941714381044
-1.9181076670440258
-1.1832926684122556
1.290535667421846
-0.3519250549363129
-0.26527550484874096
-1.4316001581183437
-1.6600390391515827
-0.8343901769376321
-0.3736379777204504
0.976233583859516
-0.17634679185673274
0.7969625203223814
-1.387689096662469
0.5692747331477346
0.9637331343807953
0.1274550160067478
-0.7153435085108732
0.04784813265229948
-1.932174115938274
0.2049875794413909
1.0200998571132982
1.225439642321286
-1.0223611893347235
0.9618716001043892
1.4187711708160076
0.15714308443752145
-0.9350833465688031
-1.622020514402068
1.0688765697597233
1.7864387358454095
0.9172348334310838
0.7395550176305408
-1.4391538390259102
