x y
490 0.04696425912048238
491 0.037552714633726385
492 0.037005560540781704
493 0.03255283155820992
494 0.03252280351131782
495 0.040141105705876576
496 0.028542656523982038
497 0.0314161595023501
498 0.03192456377346271
499 0.03306962040585296
500 0.031135475579592134
501 0.030942022657153637
502 0.03224753968830557
503 0.033090794909903284
504 0.03159102398401043
505 0.030670499091790062
506 0.0331718447272853
507 0.0364374030151493
508 0.03182302079819548
509 0.029136751672538593
510 0.030299101281921436
511 0.0310402003420685
512 0.029561138746128097
513 0.027413861056186452
514 0.0621268879162562
515 0.06560867565369038
516 0.03999438548912355
517 0.046164822292400334
518 0.1157046748403847
519 0.08290578037493355
520 0.06990834421020355
521 0.08080813068304286
522 0.04371320759293201
523 0.0375266287540382
524 0.03566388337332157
525 0.03372506085058212
526 0.03331673358013324
527 0.032402676669184095
528 0.03255922144101014
529 0.030773956437123315
530 0.03044753277188192
531 0.029655708761746495
532 0.029823410285340465
533 0.029567608890087034
534 0.028860136510275598
535 0.02838193832749258
536 0.028706678437219028
537 0.07393731293198388
538 0.033545001769495555
539 0.03411924881256253
540 0.034358393228996635
541 0.05955683876193339
542 0.032268055611535035
543 0.03210229763542168
544 0.03132036262525285
545 0.03022690186962066
546 0.03163588731160143
547 0.03171811631776695
548 0.030974201115190492
549 0.029014230059632874
550 0.0296602224188401
551 0.030330197219735764
552 0.029457427629083387
553 0.02932661005321386
554 0.02976369777245982
555 0.029683612152798224
556 0.029489149153071034
557 0.029277385097161636
558 0.029407624204308654
559 0.029390180913131097
560 0.029453824541254194
561 0.029275860431990274
562 0.029145746197321756
563 0.02945266404053766
564 0.030062715379464946
565 0.029917660966584433
566 0.02947060398211289
567 0.02947446517486292
568 0.029112333646923262
569 0.029093514322203903
570 0.02973585147652156
571 0.029297122489875795
572 0.028937018821174068
573 0.029974625835545755
574 0.029997879421208778
575 0.031259507271457376
576 0.02890004187886452
577 0.02821823041858771
578 0.027363434870214053
579 0.027344007921383827
580 0.027723054015596507
581 0.028579765718076376
582 0.025275582811284128
583 0.026975724126974528
584 0.02620832750566211
585 0.02881451535792807
586 0.029632251922133843
587 0.02978137223452556
588 0.02940766416867895
589 0.02902974317927654
590 0.02897650073144491
591 0.030482828876091148
592 0.029162454530946243
593 0.027661217259129366
594 0.028333543920588795
595 0.028222711226491046
596 0.02996355785681885
597 0.03569029024747812
598 0.03838936138628667
599 0.034625616498062416
600 0.03353149476068752
601 0.027295793265688047
602 0.03067307379882765
603 0.030507003731206343
604 0.02899144823372404
605 0.03334451471091756
606 0.030649105001310146
607 0.0307749869089219
608 0.029988063286535218
609 0.029967777618784643
610 0.02991904327446543
611 0.03059616913044469
612 0.029943847697729318
613 0.02963051979044543
614 0.032001911683033214
615 0.03227466115201035
616 0.0367417001721856
617 0.03362638796423703
618 0.030345458933601063
619 0.031652511215917466
620 0.02969609954310516
621 0.02880340023135985
622 0.029789460750873627
623 0.03080383625086819
624 0.028085233373743516
625 0.02885703857670128
626 0.029909928853224643
627 0.031025057818246098
628 0.028605367020626993
629 0.02815685836707267
630 0.029382377086757255
631 0.03153894634053866
632 0.027923607259376287
633 0.02889133810522021
634 0.030449381810094767
635 0.031405276269597285
636 0.02588339688788818
637 0.06515680723494614
638 0.035098567320986415
639 0.030345880581882773
640 0.02853879597144989
641 0.03629889079622386
642 0.14800771027017573
643 0.15648886164925063
644 0.10684580175128504
645 0.042344043728348185
646 0.05122275181252565
647 0.050421335868635044
648 0.05530624107087414
649 0.028817500826692155
650 0.027715047069209735
651 0.027120037010669517
652 0.029542873277510064
653 0.03032115322093409
654 0.02877481969737468
655 0.02643309345427871
656 0.029403494162971132
657 0.04578712199727999
658 0.028048730063447335
659 0.027642195865333712
660 0.030332258198128167
661 0.02865472975491964
662 0.029831817193976134
663 0.03424946274775223
664 0.025758740694359634
665 0.028603444296389002
666 0.029593672055742957
667 0.030580001641383418
668 0.028276354020037153
669 0.028871688882855604
670 0.02981961508475143
671 0.030925366032231325
672 0.028183196265863356
673 0.02862752341356852
674 0.030291688808170198
675 0.034941136492357146
676 0.027748226601776275
677 0.031481118023100135
678 0.029704249190483627
679 0.03369152304460956
680 0.03930354721828929
681 0.032547743347980024
682 0.030347470852905182
683 0.027634868776955052
684 0.030759200450168122
685 0.030183949987174413
686 0.029228285053636987
687 0.027721378316216894
688 0.029983290318382722
689 0.02920398623605463
690 0.028385144679050768
691 0.028015414391092244
692 0.028888719118865706
693 0.028812446872218726
694 0.02795678826135728
695 0.027801931696126995
696 0.02832802330290339
697 0.02927252254378145
698 0.028947186182796025
699 0.028714430806094163
700 0.029743748114577948
701 0.02957943182715728
702 0.027791558579485818
703 0.026032322693876325
704 0.033052588844638596
705 0.02849775161566078
706 0.02981532230234683
707 0.029432701764799552
708 0.026425160154093172
709 0.030390719654554112
710 0.031818993307786134
711 0.030026997771969252
712 0.04049445180636717
713 0.029003344306109305
714 0.030151590334665662
715 0.030979580352242814
716 0.034052133424925066
717 0.02913992281758377
718 0.02918394799515367
719 0.029033218782812068
720 0.029054337174692864
721 0.029156715869940522
722 0.02907734950528483
723 0.030741607212418545
724 0.043640800417383115
725 0.03632345371357294
726 0.03050393354828478
727 0.030941747569396397
728 0.030478827141179353
729 0.029243142217651192
730 0.029722727525615448
731 0.02999708706746839
732 0.029283831568509496
733 0.030974778755228843
734 0.029451001363474047
735 0.03044443357541383
736 0.029911675827361588
737 0.02989339404111694
738 0.029749307731175012
739 0.02956568588000235
740 0.030050263114300986
741 0.03919799001561421
742 0.05600751725382988
743 0.05681951770823534
744 0.06555500198201336
745 0.030465495533504864
746 0.029909206449965958
747 0.030071858020656313
748 0.02956115992638407
749 0.029720593902386162
750 0.029838131217284267
751 0.029716859761124727
752 0.02981390232074991
753 0.02992259311884602
754 0.029779490681050447
755 0.029987196431582857
756 0.030105843316812382
757 0.03512639953337435
758 0.04495697813764347
759 0.04975286218520178
760 0.07251732781659552
761 0.029241426623979844
762 0.02897153245159098
763 0.030756679798010618
764 0.029177572041289044
765 0.029471924230640868
766 0.02875741344984596
767 0.029579627556369035
768 0.028387953797911286
769 0.03277279421336857
770 0.02960270241010428
771 0.02916817033270915
772 0.029906505702126284
773 0.029721983177540708
774 0.029409810956969824
775 0.028876251571079373
776 0.029433053604260927
777 0.029708131267165844
778 0.029258118795925634
779 0.029223242948787212
780 0.029596533506502744
781 0.029224282531009067
782 0.029084212768761036
783 0.028872519069653355
784 0.028992379781688952
785 0.028687642710763954
786 0.02987398108590779
787 0.03049852923763423
788 0.02938154037268425
789 0.030034012309941568
790 0.030029972383903113
791 0.030250872439728727
792 0.029681976436364
793 0.029700677263712155
794 0.029790984169934323
795 0.029740584627421424
796 0.029841608078724484
797 0.02960398138536631
798 0.029599335288327724
799 0.02990634880079706
800 0.02970959803103788
801 0.029446635080770174
802 0.029594127765035096
803 0.029738838674416023
804 0.029657904914698455
805 0.02976844242930969
806 0.030288331417276323
807 0.030658606576778217
808 0.030210928747197344
809 0.02674533799219489
810 0.02814417411343145
811 0.027786694855994342
812 0.02880330258731178
813 0.02787591111867483
814 0.02718348218333372
815 0.027011523635324466
816 0.027446627376685857
817 0.027742666714000445
818 0.027641601853043454
819 0.027321740692538864
820 0.02738795736441866
821 0.028426562833279295
822 0.027057598444380347
823 0.02679566087696664
824 0.02614756321608458
825 0.02902343756723016
826 0.029136172894749388
827 0.028488422814756886
828 0.029243111507624375
829 0.029683112201082603
830 0.029176801536082837
831 0.02852588691701569
832 0.029329867180663133
833 0.02983230519322484
834 0.02929914611495955
835 0.028115606391117993
836 0.029764023351069653
837 0.02736738162932429
838 0.029905895026447145
839 0.030432859965542347
840 0.028821466928301048
841 0.02928274238646754
842 0.029451015019632116
843 0.03059844800234257
844 0.03159863556160508
845 0.039444586787707084
846 0.05978079397111871
847 0.045562403153776874
848 0.05364978373713762
849 0.03891615991744458
850 0.027963207066643403
851 0.02703110024935727
852 0.028799306851579356
853 0.02935489085246353
854 0.03101361171075885
855 0.030981411702570037
856 0.029997065907864714
857 0.031079224738612167
858 0.044526020974879094
859 0.04019230316485422
860 0.058560235110831305
861 0.0312140095737756
862 0.029020289116125166
863 0.02812788557434555
864 0.030748626398755984
865 0.030185370613933244
866 0.028385458372522154
867 0.027358158159844034
868 0.02936552361571121
869 0.02853934089906266
870 0.028370030145105207
871 0.027002901824431963
872 0.028045952341991455
873 0.028988686338647356
874 0.028200407490360367
875 0.02618230948988549
876 0.02855716570112935
877 0.030301724538374368
878 0.02849577727669695
879 0.027347538292051454
880 0.02999625616720801
881 0.030331915984359723
882 0.028877524719224397
883 0.027510291356888695
884 0.029392440216567173
885 0.026448208632621876
886 0.034927728389292076
887 0.03717863683610837
888 0.037128329415520474
889 0.030244415909203515
890 0.02946732343428584
891 0.030225931860099125
892 0.030243168685594474
893 0.03512511925545946
894 0.03183355494972879
895 0.030598416187335484
896 0.029262678060761296
897 0.03077191800354707
898 0.032483562421932496
899 0.03289315818635312
900 0.03191839072704209
901 0.030934825216001688
902 0.030988660718889623
903 0.031677535384208325
904 0.03075849926952287
905 0.03079565646516443
906 0.03278532099554251
907 0.033574449986588824
908 0.033685541529160694
909 0.0322050990390466
910 0.028739000127150673
911 0.028259099996325726
912 0.026304497083587116
913 0.049157576189724515
914 0.05533524369266427
915 0.05105675448419693
916 0.044890172263687696
917 0.054476943889492334
918 0.0490930745045084
919 0.04366615047383505
920 0.036193056938897065
921 0.035869287508445334
922 0.03453481498542254
923 0.03441469693943275
924 0.03511687164223713
925 0.03842606260372038
926 0.037540668841337985
927 0.03641519227961568
928 0.03686033492460639
929 0.03722474536233696
930 0.03560404855561452
931 0.034867470851889876
932 0.03502839034681324
933 0.028485895766647062
934 0.027225409377749504
935 0.027095445803598885
936 0.027639024686148674
937 0.028887040670632587
938 0.027758011566278794
939 0.026927907910296634
940 0.027335725506071697
941 0.03043414281037633
942 0.02752181726725313
943 0.029954904078614057
944 0.028725901186129905
945 0.03312444469963366
946 0.037307374915940036
947 0.03782790529861443
948 0.03640089062171256
949 0.035315036653034954
950 0.03619060342068785
951 0.0368561515278825
952 0.03557053829846681
953 0.03483634452384943
954 0.03565853975403257
955 0.035865897096501405
956 0.03551681820548794
957 0.03424683461829277
958 0.03487816343202618
959 0.03494336852395147
960 0.033804712079407766
961 0.03719983158788617
962 0.03640200883944218
963 0.036086026672117986
964 0.03671975267662798
965 0.03651180038963796
966 0.03573609775874006
967 0.035427553579255124
968 0.03552021089741049
969 0.036775650631138274
970 0.036157151192734535
971 0.03296629854714916
972 0.03573039840743725
973 0.037573150874092284
974 0.03370755595143888
975 0.030597755274234396
976 0.03315457791666182
977 0.03581543283456117
978 0.030779216302294906
979 0.027982822103287005
980 0.03122340716885447
981 0.03575469799797987
982 0.035310107578894745
983 0.03527380960441556
984 0.03543948087329366
985 0.035361108669139586
986 0.03524509501518271
987 0.035032319844867654
988 0.03587611174027789
989 0.05505470402928192
990 0.03824969263381654
991 0.036425625632530496
992 0.0352386583449397
993 0.055136763300240414
994 0.04952544218677531
995 0.05075377030859355
996 0.04857391858584088
997 0.0366695249330811
998 0.035954476686626304
999 0.035920195963731444
1000 0.03621756005568854
1001 0.036395138642935386
1002 0.03577086297235721
1003 0.03559633344533157
1004 0.03587966596344681
1005 0.035396840632843096
1006 0.0351570605764267
1007 0.0351635471917785
1008 0.03553412590318463
1009 0.03695102953452138
1010 0.0367869718613685
1011 0.0353541354887658
1012 0.038675080364182275
1013 0.06679305445956062
1014 0.039749400604117885
1015 0.03639061176692346
1016 0.03550164329602262
1017 0.04561732995315042
1018 0.04216056317594211
1019 0.040975585745759255
1020 0.03949972304306633
1021 0.03690729806652905
1022 0.037399265830044486
1023 0.03812093739757334
1024 0.03730373863592371
1025 0.03674752207125461
1026 0.03739140435736103
1027 0.037743635310193584
1028 0.03736766202091545
1029 0.036690489630493206
1030 0.03666254429096443
1031 0.03680114430988014
1032 0.03649135219609947
1033 0.035181720433413714
1034 0.03537906447238186
1035 0.03555859293221695
1036 0.03510083628307523
1037 0.03487761040080229
1038 0.035150730322180045
1039 0.03570698154174913
1040 0.03491831146419304
1041 0.033998813796254405
1042 0.031963447192709125
1043 0.031648449626530024
1044 0.04020217124180868
1045 0.03756573024150362
1046 0.03650683190301183
1047 0.035746187139422236
1048 0.036431631180767
1049 0.03711386588268573
1050 0.03611160573509393
1051 0.03502196455563127
1052 0.036639804022531884
1053 0.03604940955919566
1054 0.03549467501234001
1055 0.03481385692801079
1056 0.036312594861725694
1057 0.03710088305617985
1058 0.03664929829266255
1059 0.03605500904131013
1060 0.036815721106924534
1061 0.03703143204627792
1062 0.03661052148704713
1063 0.036005885880984016
1064 0.03658209196205319
1065 0.038243283997716364
1066 0.037711522130824224
1067 0.03750143094000483
1068 0.03742795305033492
1069 0.043484250143997004
1070 0.028865366589722996
1071 0.029312948827356702
1072 0.030723965331841824
1073 0.03335499764107699
1074 0.033578769255739424
1075 0.0333525829987191
1076 0.03287297703769372
1077 0.03262500435039316
1078 0.03454666454200013
1079 0.03460072270741792
1080 0.03539086325823989
1081 0.03597450231799045
1082 0.05744763968120792
1083 0.05570772270699084
1084 0.05064143486998817
1085 0.0366743218229486
1086 0.03311066363300237
1087 0.031669790873638505
1088 0.030988135742489466
1089 0.03315220714114117
1090 0.03641117272429757
1091 0.03579960618278767
1092 0.03634234585945793
1093 0.06858850716278371
1094 0.17755524525919653
1095 0.11446608423073898
1096 0.07228777025261994
1097 0.04142541352143671
1098 0.03821673195614547
1099 0.038210108499277105
1100 0.03662331072393171
1101 0.03631875108626391
1102 0.038821241477175784
1103 0.03921568235528107
1104 0.03861633596227278
1105 0.03647961439828171
1106 0.03469186448842847
1107 0.03450169543101578
1108 0.03391325605138066
1109 0.03456905004987413
1110 0.03697030856607305
1111 0.04271142021082463
1112 0.0511615013643864
1113 0.03232860196343061
1114 0.03499996820921188
1115 0.03640975544672359
1116 0.03487460559457427
1117 0.03574412942486387
1118 0.036825497513317956
1119 0.03753793309779594
1120 0.036264865941968594
1121 0.03961928788640304
1122 0.04354292679469381
1123 0.047093144531304636
1124 0.044994732647712324
1125 0.027779333089078838
1126 0.02774833672651685
1127 0.028020476155103724
1128 0.029674975856986054
1129 0.04077432325756669
1130 0.04018538545705321
1131 0.039737188084872345
1132 0.03987318563900151
1133 0.04189129556532073
1134 0.04261167230107284
1135 0.04152037610693791
1136 0.04349276744526589
1137 0.06687084389386148
1138 0.04418070690965846
1139 0.03883330406810184
1140 0.03491318783368834
1141 0.028497145322327527
1142 0.0690622694663584
1143 0.051021512986691234
1144 0.05309653966611393
1145 0.05381340584828636
1146 0.034419540612460935
1147 0.036463144495465845
1148 0.0359733921531211
1149 0.043787003583136495
1150 0.06433848073158004
1151 0.04030962211053175
1152 0.03575724913557411
1153 0.22142449832174213
1154 0.1281517358104583
1155 0.09547364179910947
1156 0.06655047075349159
1157 0.16072367377571445
1158 0.3490404851003941
1159 0.3444011725878496
1160 0.34302997479074676
1161 0.36484883658549
1162 0.23264442362477256
1163 0.18551937273546784
1164 0.15551784893392148
1165 0.0264497445280588
1166 0.03225335424899821
1167 0.03222148167175767
1168 0.035607101810570405
1169 0.04229795192132181
1170 0.04412273647796919
1171 0.04448666988755103
1172 0.04343897815449129
1173 0.045771485501740435
1174 0.04396943276991604
1175 0.04506876415183178
1176 0.04387483884554873
1177 0.0850961259875136
1178 0.1241270434586323
1179 0.1333950812596361
1180 0.13682904899286336
1181 0.02715019095338933
1182 0.15604514136464642
1183 0.16054873668328193
1184 0.1798373876153369
1185 0.05011395686593836
1186 0.17932127800057712
1187 0.18965489507421215
1188 0.19153306957571845
1189 0.04656371710615049
1190 0.15145141638117238
1191 0.17361839546552735
1192 0.18482907481709876
1193 0.08696585300334808
1194 0.0634440566806349
1195 0.08600342124814826
1196 0.12739751329363644
1197 0.08980299426267163
1198 0.06251853758330606
1199 0.06635890211143246
1200 0.1042056015542835
1201 0.07255690484149392
1202 0.09979416281474862
1203 0.1272284538027402
1204 0.14927772706228978
1205 0.10226300959127997
1206 0.042455338919801376
1207 0.04020205629493168
1208 0.03982490007996613
1209 0.033747002821564356
1210 0.06800440884960113
1211 0.08741356139771365
1212 0.09221008968405514
1213 0.08894936465140009
1214 0.04536529775751076
1215 0.0510304679406211
1216 0.06184166015868063
1217 0.06930835783097423
1218 0.059399560299344616
1219 0.0685152528829386
1220 0.08017983635328645
1221 0.1444540579594715
1222 0.058128247613092966
1223 0.05344833858017066
1224 0.052815960530234435
1225 0.10352657487391854
1226 0.07520530119138168
1227 0.07690292090386582
1228 0.08439613521939841
1229 0.05215109268499468
1230 0.052635422652282965
1231 0.05065537914977846
1232 0.049878009447493016
1233 0.10598454391173538
1234 0.05710586130486298
1235 0.04541838566692309
1236 0.040250081232740514
1237 0.055133174031181495
1238 0.042346344672601836
1239 0.04694392853072744
1240 0.06237355227440631
1241 0.18845651389647
1242 0.1898483566690527
1243 0.2003662091963651
1244 0.19616795501602619
1245 0.10860512782835822
1246 0.09258527049224997
1247 0.0843847713086962
1248 0.07901643086591884
1249 0.054346773169277426
1250 0.11124267017145197
1251 0.13548327430491344
1252 0.15578265960713672
1253 0.11863756853992828
1254 0.04507612706298046
1255 0.0345168996436005
1256 0.025939575019556533
1257 0.12924806842713243
1258 0.1543733277204288
1259 0.13868946292213144
1260 0.1203396149310991
1261 0.0550201831088847
1262 0.06673866220311102
1263 0.06723053637105753
1264 0.06645827049649582
1265 0.05499429653363578
1266 0.09143240427861091
1267 0.10808115077520766
1268 0.12175481954021565
1269 0.24308993810835341
1270 0.27851471332922034
1271 0.2731144616504127
1272 0.26907129637053834
1273 0.04311427213258484
1274 0.19443449375853772
1275 0.19813090365700536
1276 0.20307758986011862
1277 0.1072469390721612
1278 0.0312801109922
1279 0.036253208974243195
1280 0.051409575087826544
1281 0.09630919283139243
1282 0.10785241438512415
1283 0.11066887371510557
1284 0.11526875708473924
1285 0.07594360601597633
1286 0.07403564699920462
1287 0.09388562126312561
1288 0.1125967297556191
1289 0.205369341651838
1290 0.08849012229759269
1291 0.05884024949553356
1292 0.03666524882829812
1293 0.06621151421812052
1294 0.07813037624672374
1295 0.07595713056847969
1296 0.07339640364680945
1297 0.06533976611485108
1298 0.05592566020066921
1299 0.057020192022030944
1300 0.055304149184184304
1301 0.10872744633443111
1302 0.06783826191587594
1303 0.06305210508492445
1304 0.06194250672108539
1305 0.06786670426661624
1306 0.07160190411581635
1307 0.06881717372594873
1308 0.06640341867746287
1309 0.05454742346332282
1310 0.05435926279321557
1311 0.053325936680020454
1312 0.05189028706021796
1313 0.10409218998676072
1314 0.20082838346831342
1315 0.2179476220740802
1316 0.23119098406630556
1317 0.18859535850531964
1318 0.0891718066458139
1319 0.07923051594450058
1320 0.07852827531056614
1321 0.08829740091972943
1322 0.08551387449472306
1323 0.08798915520296458
1324 0.08914008168094016
1325 0.08932318860000636
1326 0.0842734057459568
1327 0.0853013827362258
1328 0.08609289403671162
1329 0.07303828974098486
1330 0.0663329041180299
1331 0.06602958042779819
1332 0.06575394277767505
1333 0.10211402256081498
1334 0.03930039925192402
1335 0.042898201000124876
1336 0.0484408188310405
1337 0.05642614584386137
1338 0.09180193908253682
1339 0.10903117698777169
1340 0.12278499990128908
1341 0.11536064483435578
1342 0.0727082657662001
1343 0.06358280590908864
1344 0.06108785182125469
1345 0.04914154365175155
1346 0.05535911297349476
1347 0.05539674078780109
1348 0.055527950096989756
1349 0.06457858147118775
1350 0.06563335648528686
1351 0.06445126628870354
1352 0.06111016175358426
1353 0.06044180717177241
1354 0.07788824865793897
1355 0.07381339463472399
1356 0.07141003707364148
1357 0.049176876066782046
1358 0.05249654666165377
1359 0.052040862337382185
1360 0.05086377378156943
1361 0.061773806053961496
1362 0.17658177312361842
1363 0.2048346483256329
1364 0.22323973118493137
1365 0.3129349005975148
1366 0.2362988202080675
1367 0.20566374713859842
1368 0.1811105260373071
1369 0.08343444629264668
1370 0.06745972263553073
1371 0.07058606163620282
1372 0.07129481763872304
1373 0.1888636357464934
1374 0.18525277454775002
1375 0.18136098057694008
1376 0.16307522123589743
1377 0.13431755116809205
1378 0.07679129635923856
1379 0.04980703896489153
1380 0.04348038806951178
1381 0.13170611371067223
1382 0.36592661336055227
1383 0.36234517499577207
1384 0.35413409933168766
1385 0.24937546633921107
1386 0.08770006292997597
1387 0.05435599470603212
1388 0.035510007266519164
1389 0.042563121207577576
1390 0.03693760512515348
1391 0.04440807964320411
1392 0.047000223338356316
1393 0.041628273488756765
1394 0.0906635583158932
1395 0.1058469658290738
1396 0.12445653387601192
1397 0.09589691496244099
1398 0.092210607017055
1399 0.11232561040924374
1400 0.13414452548954753
1401 0.10566742183177297
1402 0.06709980849192047
1403 0.08619961232806206
1404 0.10199690723381574
1405 0.11502792152250137
1406 0.09355114012155619
1407 0.13735450092795753
1408 0.1681821957188648
1409 0.15387518366382827
1410 0.10323914753554113
1411 0.14450668935513902
1412 0.18366028216263702
1413 0.08155919625448635
1414 0.15062157957587022
1415 0.1779800771560758
1416 0.2071652728169923
1417 0.20978792927271922
1418 0.11043260160141434
1419 0.10360981366794667
1420 0.0879163198063868
1421 0.07914908503083845
1422 0.07951449773848565
1423 0.07219897113611279
1424 0.06495936224782248
1425 0.1276809422668501
1426 0.11105416084634397
1427 0.08570486153579777
1428 0.08129828621522336
1429 0.09176609375914167
1430 0.18682264311539806
1431 0.19087955316254207
1432 0.20015761044470604
1433 0.13367248885015065
1434 0.06242484250607349
1435 0.07756810905277628
1436 0.09082503976493699
1437 0.05410429229784399
1438 0.04031997103175839
1439 0.04008570305165103
1440 0.03883046667923288
1441 0.0338987273448496
1442 0.04760792732197294
1443 0.04942491706003835
1444 0.045635635046003466
1445 0.07331347341646686
1446 0.12553827781649082
1447 0.10581490942347405
1448 0.09771685044411843
1449 0.0483439841587041
1450 0.06454916534165363
1451 0.08188717420910051
1452 0.09737260095491396
1453 0.10977284022635132
1454 0.06293102134867516
1455 0.06717957292584881
1456 0.07279222490790598
1457 0.08509957048865417
1458 0.11961549572050517
1459 0.14756747698206074
1460 0.16665691494954196
1461 0.2325016064808494
1462 0.1742142256412558
1463 0.15034019351736022
1464 0.13299379342844517
1465 0.07762877839479226
1466 0.14212445766928394
1467 0.1605726026519195
1468 0.16764474413011798
1469 0.23023724476018273
1470 0.10544587977092569
1471 0.06264574628701047
1472 0.03486306993330575
1473 0.12246990462647449
1474 0.051356381964520116
1475 0.0702963591517729
1476 0.08444168146987248
1477 0.09243662451457045
1478 0.07605672421447585
1479 0.09239097813457271
1480 0.10897786765902524
1481 0.06906787636939676
1482 0.08729612444024933
1483 0.10343930293904995
1484 0.11917009291095258
1485 0.09307585429423776
1486 0.04659566973236736
1487 0.046257088487826614
1488 0.047580026241007614
1489 0.08834760107654388
1490 0.04379428126438144
1491 0.038749367878875146
1492 0.0329134162059827
1493 0.06914375581763967
1494 0.03396487471082696
1495 0.035777348208356916
1496 0.050231108175190685
1497 0.03110239298386
1498 0.04091424222933068
1499 0.04186210692564757
1500 0.04309190402270802
1501 0.09260819786814337
1502 0.10895051883973322
1503 0.10562903202905878
1504 0.0976946637507022
1505 0.08576855287535493
1506 0.06845264823153875
1507 0.06403537373922932
1508 0.059746670305890356
1509 0.04045170675178335
1510 0.041092316650542145
1511 0.044304014454343746
1512 0.0452832567865783
1513 0.06663153991579371
1514 0.1698503840655965
1515 0.19128652583938213
1516 0.2042573259483791
1517 0.28278835412593506
1518 0.23960420337778887
1519 0.21161884135932962
1520 0.19281644393046915
1521 0.044614605213387906
1522 0.058581316983377166
1523 0.04950786763447281
1524 0.04466525784916752
1525 0.0545401764153967
1526 0.09038153700022335
1527 0.103167103464647
1528 0.11256710362971831
1529 0.10558036197364798
1530 0.068032117960804
1531 0.05768414553963671
1532 0.04925802362300837
1533 0.048458454803078393
1534 0.05399195367059976
1535 0.054538877189102254
1536 0.054524953026543706
1537 0.05875331375590402
1538 0.12197234648754388
1539 0.14699969345449693
1540 0.16616344939749866
1541 0.1684135337842733
1542 0.09325149107679859
1543 0.08171098463031223
1544 0.06765555692758736
1545 0.06921679463204417
1546 0.07404827008411319
1547 0.07529255372352098
1548 0.07540516747136404
1549 0.07843650213888116
1550 0.07923161723688521
1551 0.07774920055064745
1552 0.07641829475046805
1553 0.06906610947636989
1554 0.07313033465259149
1555 0.07243282519068482
1556 0.07153539368974711
1557 0.058804691182356025
1558 0.056163110399394076
1559 0.05234091922890756
1560 0.050553934073228626
1561 0.04424606731414879
1562 0.04234733972848139
1563 0.039343478361578754
1564 0.03768728521281513
1565 0.05836668922485035
1566 0.051521274454648644
1567 0.05130149301373029
1568 0.049451826950495346
1569 0.039002245679671164
1570 0.07677011092927413
1571 0.08721666587276927
1572 0.0994881699018118
1573 0.13241533599471608
1574 0.10163431099186776
1575 0.10011599503318605
1576 0.09531003650731724
1577 0.06348758049004098
1578 0.07998739148677697
1579 0.09583682292761783
1580 0.10688597534200665
1581 0.10250904124289273
1582 0.049484972003769896
1583 0.05069152477767339
1584 0.052543397033229515
1585 0.14277706424080527
1586 0.1453488164485699
1587 0.1441204257071435
1588 0.1379851367468727
1589 0.12304604902080066
1590 0.09654546366497599
1591 0.09069419259543576
1592 0.08324694211275271
1593 0.047251779188618205
1594 0.043943781761287284
1595 0.04394252944242762
1596 0.044479874660520884
1597 0.10286145417157794
1598 0.1726345871825037
1599 0.18204645158310717
1600 0.19066662795540418
1601 0.1785057691203186
1602 0.1421237451240413
1603 0.12378663083525648
1604 0.10822110694685275
1605 0.06391879661198219
1606 0.06929863580616433
1607 0.06894982920050068
1608 0.06754602979209838
1609 0.06225468431246903
1610 0.07235080069757188
1611 0.07290944818245426
1612 0.07372883789588923
1613 0.06002516524126906
1614 0.05267488482313048
1615 0.056228731772913786
1616 0.06556062200423286
1617 0.05179711518170776
1618 0.13777850480796344
1619 0.15705909406014207
1620 0.17449923086323207
1621 0.161464632279586
1622 0.0969176732122035
1623 0.12716727124983426
1624 0.14477909944134912
1625 0.2911911818508824
1626 0.22452499250009836
1627 0.20087386726348444
1628 0.17743105532539252
1629 0.062031316939636885
1630 0.07990436131829859
1631 0.10015278836778886
1632 0.11628463691603859
1633 0.11743043713841096
1634 0.035995336972270225
1635 0.038650357366909846
1636 0.03969167210833232
1637 0.0435827637287942
1638 0.09239550233086175
1639 0.10374954998163012
1640 0.11534679282582909
1641 0.08287122908284732
1642 0.14195166457003247
1643 0.16615964963647545
1644 0.17949142718000805
1645 0.20525310698840127
1646 0.11480681486706244
1647 0.09427828261093713
1648 0.0774455696563597
1649 0.04590987623754717
1650 0.1729277173560038
1651 0.17732474358053932
1652 0.18266873039549983
1653 0.18440015586470504
1654 0.19065479571142002
1655 0.17998121522041685
1656 0.17220903499650425
1657 0.102061647157381
1658 0.063420497938088
1659 0.05671706715486201
1660 0.0569130852518768
1661 0.0593758050193579
1662 0.06277063349167415
1663 0.06271821745065129
1664 0.06306187972181156
1665 0.07058927818249917
1666 0.07967470435187851
1667 0.0962714943334327
1668 0.10630072911170832
1669 0.14487845703705451
1670 0.13898340854056934
1671 0.17361213516961516
1672 0.20156066608014575
1673 0.1374780923726639
1674 0.17559715146777996
1675 0.18569184732471822
1676 0.19142457746441296
1677 0.14923077845036703
1678 0.08148671139731191
1679 0.10687200416671806
1680 0.12984758516457992
1681 0.11816070166474887
1682 0.21284654149754592
1683 0.23787617362694208
1684 0.25482361549713056
1685 0.29082658902558334
1686 0.16399961001024552
1687 0.21044419769103262
1688 0.24148198121955214
1689 0.40620958802052737
1690 0.36713836924043924
1691 0.3482403421152697
1692 0.3357079680935541
1693 0.2580744456987799
1694 0.21816763360388775
1695 0.1919757113540598
1696 0.17734404203744247
1697 0.0543468166310985
1698 0.05561809553520201
1699 0.05315196518008158
1700 0.05461390189730197
1701 0.04216058028217528
1702 0.05857531387419524
1703 0.0578941835526378
1704 0.058314036943670204
1705 0.027741706767475564
1706 0.05485824329807587
1707 0.04584370803718476
1708 0.04585234468040346
1709 0.02762431578272614
1710 0.144151433123205
1711 0.1634243161226123
1712 0.18268910451935408
1713 0.0595156984258291
1714 0.03573765763296405
1715 0.040065625648629616
1716 0.03245691254190146
1717 0.032931780692979175
1718 0.07343927572612813
1719 0.08041708541116141
1720 0.08511473553953763
1721 0.09433590515896788
1722 0.10962622204641169
1723 0.11167856627168517
1724 0.10171647310211569
1725 0.03399810343663502
1726 0.0656136335888905
1727 0.06995535550434566
1728 0.07458202206997601
1729 0.06223339843388913
1730 0.05515644357754713
1731 0.0537876852115091
1732 0.046822274173983706
1733 0.04353676407721349
1734 0.10016640009071406
1735 0.12009929462348085
1736 0.14235219409322444
1737 0.09474668013883261
1738 0.035465598020764544
1739 0.03847250921288096
1740 0.04119996208344654
1741 0.15649114581326384
1742 0.059305619285311854
1743 0.04933850015444921
1744 0.0407672707537623
1745 0.043982200148535974
1746 0.09722626923111556
1747 0.08773054163808011
1748 0.07572859242078492
1749 0.1208845142497323
1750 0.13543091213568553
1751 0.13421851244838823
1752 0.13442609423063803
1753 0.12186641584049111
1754 0.0875755597563967
1755 0.0797251119362355
1756 0.07518870056436316
1757 0.0812233112265895
1758 0.07631243164122982
1759 0.0756208427997916
1760 0.07339493691035483
1761 0.06100708756730768
1762 0.07473422148670561
1763 0.06934090054216172
1764 0.06822494537122371
1765 0.034834512680491724
1766 0.06742229682885613
1767 0.07605037641462065
1768 0.0925618341608866
1769 0.0852553126920366
1770 0.12862079887377786
1771 0.14573214570073478
1772 0.15740982326737665
1773 0.24076733660699512
1774 0.21104004499144569
1775 0.20422926347514428
1776 0.1908940239598215
1777 0.112088184037111
1778 0.06434269961023426
1779 0.0585924612773305
1780 0.061442819660247894
1781 0.08081060142289467
1782 0.10009804860119767
1783 0.11237973599827576
1784 0.11821293656493828
1785 0.15502144877755028
1786 0.10088589263852842
1787 0.07834551745657786
1788 0.05784658338206964
1789 0.03159042130063482
1790 0.04415463154771212
1791 0.043086076211252294
1792 0.04667610595934022
1793 0.052908491777512646
1794 0.06875633381225918
1795 0.06607144547639718
1796 0.0682673687075141
1797 0.13035032769623422
1798 0.16147429969327148
1799 0.15774038600538487
1800 0.15758299570056472
1801 0.0959550266507675
1802 0.028023614640657567
1803 0.04402828038115303
1804 0.054544261926113585
1805 0.14223672080184932
1806 0.13521921661840852
1807 0.12874984856569865
1808 0.12052355960363256
1809 0.0368468302016913
1810 0.13294334214205386
1811 0.14783051377024192
1812 0.16414962066399616
1813 0.19446783825885433
1814 0.11402599490970523
1815 0.09532989766720061
1816 0.08005238376413756
1817 0.09306320309518287
1818 0.16276631591147583
1819 0.16148171941934217
1820 0.16097140731478732
1821 0.14882152229305887
1822 0.03203900133870044
1823 0.02742285205471037
1824 0.03072202863722044
1825 0.1556717707959459
1826 0.201565701900744
1827 0.20509723444618816
1828 0.20557452168158846
1829 0.24481230456373546
1830 0.18110754448385546
1831 0.16804898650205186
1832 0.15344178550750565
1833 0.09514183374695488
1834 0.07425261387191331
1835 0.07018773620860087
1836 0.0673541864519783
1837 0.06502929511372428
1838 0.07557444087641074
1839 0.07476014215757266
1840 0.07355366793536572
1841 0.062191139959859566
1842 0.10359749097836378
1843 0.11755606063206002
1844 0.12944081426510468
1845 0.15978493772021404
1846 0.20746396379585721
1847 0.21785293743456144
1848 0.22709565427601988
1849 0.16403868690398793
1850 0.06494671135352485
1851 0.06298484327709646
1852 0.06186095264747227
1853 0.06909243936660386
1854 0.08260519845149387
1855 0.0840530770834422
1856 0.08536103082619649
1857 0.07240934822281407
1858 0.06763099509015681
1859 0.07018039641414862
1860 0.07788155881510786
1861 0.058092839702890024
1862 0.06570793401456691
1863 0.06591090557065953
1864 0.06627091023709276
1865 0.046507553526436936
1866 0.05240309136831559
1867 0.05847919485893179
1868 0.06474596887899481
1869 0.09469586839384994
1870 0.14983724711960758
1871 0.1588847036824483
1872 0.16702534453783988
1873 0.13351091197267292
1874 0.10630746665936022
1875 0.09967424106098195
1876 0.09415558495867637
1877 0.0631427954734972
1878 0.0682714680856707
1879 0.06877497223557368
1880 0.0693411590575172
1881 0.09535659417998785
1882 0.0976592413640821
1883 0.09434468447375029
1884 0.08943342634758226
1885 0.11149667323659974
1886 0.14553939508039168
1887 0.14327069390823305
1888 0.1427678641951394
1889 0.06130683279378752
1890 0.0599921155273061
1891 0.08201721688048925
1892 0.09613324369241134
1893 0.201634697586763
1894 0.24841737949951648
1895 0.2584528475764134
1896 0.2650104670169493
1897 0.23112913609857136
1898 0.12212159549692721
1899 0.08900163312703248
1900 0.06238449713813876
1901 0.08712556750265744
1902 0.1578488273719442
1903 0.17737517475285033
1904 0.18674952400769507
1905 0.20903481929688777
1906 0.14282033203947053
1907 0.11616580018065421
1908 0.09169978871191681
1909 0.07619307362567558
1910 0.24033470282720612
1911 0.2739355054192328
1912 0.2907476059082488
1913 0.3313806346539546
1914 0.3234426668310389
1915 0.30790947511850175
1916 0.2926068817819006
1917 0.08685878730900104
1918 0.07364983103848292
1919 0.08053833782876921
1920 0.08209248832030243
1921 0.1196768097462732
1922 0.16834018093245873
1923 0.17378124519277804
1924 0.18215735726789034
1925 0.0966529130873178
1926 0.06307834346083435
1927 0.07687576836927264
1928 0.08082091076729819
1929 0.07763410861468156
1930 0.12670651710670433
1931 0.1323845124525199
1932 0.13896209485683153
1933 0.05494333603328605
1934 0.04341787694930152
1935 0.03965518533304923
1936 0.03774114170182885
1937 0.05177012768572546
1938 0.086900723904476
1939 0.08936588114171598
1940 0.09680181167922038
1941 0.03269615091855433
1942 0.0632214912075733
1943 0.055509277213733665
1944 0.05054195337434246
1945 0.1364019695598892
1946 0.26678764827887697
1947 0.27548392732794935
1948 0.28430493144922303
1949 0.19198235050768261
1950 0.09647222357439621
1951 0.09912949489633371
1952 0.09382199401089984
1953 0.12172637752713457
1954 0.10708715710236079
1955 0.10429545190769779
1956 0.10073089954102618
1957 0.08306530905900542
1958 0.05604663910336353
1959 0.05652376204812636
1960 0.07818765763636079
1961 0.13119534669531194
1962 0.07722083196286757
1963 0.07415479637746518
1964 0.0715002346698411
1965 0.06246655449939672
1966 0.054592534422663486
1967 0.07220528567725673
1968 0.08745013294951016
1969 0.06719485511294644
1970 0.04288569873791055
1971 0.044352707847221715
1972 0.04331147794158682
1973 0.052618295802319526
1974 0.13491619766914315
1975 0.13584749811036967
1976 0.1367804556188645
1977 0.14729489231708204
1978 0.1584498625763925
1979 0.16038616930547056
1980 0.16768671743953212
1981 0.16691621732036943
1982 0.06405553299185417
1983 0.05533365058498171
1984 0.04909066047997537
1985 0.05193784536984094
1986 0.09031215335149116
1987 0.09204108386940753
1988 0.09241171765934139
1989 0.11817296210878858
1990 0.2714581234335032
1991 0.2768418499421998
1992 0.2785469360146998
1993 0.21632991494688816
1994 0.10399958672486133
1995 0.07558357117104003
1996 0.06306226144345964
1997 0.11899868478127194
1998 0.18328796576301526
1999 0.17708111741636118
2000 0.16958264292892417
2001 0.12719396892590645
2002 0.11153603480844806
2003 0.09869546019285426
2004 0.09231647956548973
2005 0.0546475713021553
2006 0.09397945363505117
2007 0.09424336939453135
2008 0.09544354697892456
2009 0.034715187209208215
2010 0.0523147044624388
2011 0.05376069140736161
2012 0.05550486759289691
2013 0.10502145976768751
2014 0.17602824863882302
2015 0.18347099917098014
2016 0.1945388498646469
2017 0.07076584072538962
2018 0.03341533473030173
2019 0.03464983793133016
2020 0.03540312136245046
2021 0.039977948631020055
2022 0.10528388740461027
2023 0.12089867696857348
2024 0.13729486521267617
2025 0.0513632173879338
2026 0.02794188381855585
2027 0.034674633913211066
2028 0.054306725937360315
2029 0.10991106603396472
2030 0.06305265030773166
2031 0.056208015487447284
2032 0.04505109391692551
2033 0.1668823802404568
2034 0.16297963183000097
2035 0.15640092834154445
2036 0.1453760951863309
2037 0.13224050495264106
2038 0.1382337691216994
2039 0.13820163985817127
2040 0.1377742746616457
2041 0.05609863788637466
2042 0.08252915318949108
2043 0.09166255700677958
2044 0.09643136840413312
2045 0.22853530801466185
2046 0.2730140635776259
2047 0.2710318376375797
2048 0.2728134178412019
2049 0.1543865219017375
2050 0.08791955543695025
2051 0.07602120266192569
2052 0.06953410656903772
2053 0.10337543659578889
2054 0.16824247711257787
2055 0.17154946753516007
2056 0.1750742726803548
2057 0.15065192772603334
2058 0.13747457864387774
2059 0.137266174561854
2060 0.1371581563855953
2061 0.049055128618314334
2062 0.04134568722562166
2063 0.042685665163556014
2064 0.0429776559397877
2065 0.05797704969210791
2066 0.11379501084176348
2067 0.13075557073061767
2068 0.14396398660234788
2069 0.11571188778519637
2070 0.10551198974526445
2071 0.11698718646183012
2072 0.12296362363960238
2073 0.13472817955751248
2074 0.09175552673519884
2075 0.07284885698401806
2076 0.07102247520114516
2077 0.07118639444686546
2078 0.07478963605213515
2079 0.07742870809369877
2080 0.07905132226648423
2081 0.08998697592697688
2082 0.09187500492154686
2083 0.09177838552764216
2084 0.09399970088865091
2085 0.10289163888727978
2086 0.1202029764176705
2087 0.1189248186249403
2088 0.11520281885706737
2089 0.07527452212328743
2090 0.06337174373731806
2091 0.0621095212935083
2092 0.0604694872646867
2093 0.05436361107808543
2094 0.06119973166157179
2095 0.054510253512849265
2096 0.05090365973088334
2097 0.06734032537399386
2098 0.09506404129539286
2099 0.10113693751218365
2100 0.10787124257804644
2101 0.10721711469849549
2102 0.12379134971080848
2103 0.13453815665862548
2104 0.14417862130545625
2105 0.12207652838532007
2106 0.06428614649914001
2107 0.06129559594196801
2108 0.058444277931863166
2109 0.06583655531141899
2110 0.0726869644568433
2111 0.07363578904023381
2112 0.07571505192664732
2113 0.08507626956439564
2114 0.16834288105803058
2115 0.1865755908356522
2116 0.1991581392465889
2117 0.2569538303505979
2118 0.236819929697137
2119 0.2372315440823762
2120 0.2332888261659255
2121 0.17641786699318457
2122 0.09798049281584895
2123 0.09488058744504645
2124 0.09150543502184356
2125 0.08530222380039791
2126 0.13718131391263155
2127 0.1531359591992193
2128 0.1637731975621253
2129 0.19917625113891133
2130 0.20172835485628254
2131 0.19623494044121964
2132 0.1926600270732535
2133 0.07875082800626906
2134 0.052616312910610676
2135 0.05358283539424086
2136 0.05504161123972017
2137 0.06889215551060822
2138 0.07806348014155151
2139 0.07947142007526826
2140 0.08024456069886965
2141 0.06373828456261531
2142 0.05587045533477415
2143 0.05372885251128798
2144 0.05289106005921529
2145 0.04314204803203714
2146 0.12746789039667503
2147 0.1275129140269861
2148 0.12739702244916307
2149 0.10154982522338636
2150 0.06515421651451303
2151 0.051253665430458936
2152 0.0458795199523819
2153 0.08831513021030432
2154 0.21278184691265434
2155 0.21661338330471025
2156 0.21607007618608523
2157 0.23132762416049377
2158 0.12826271132007055
2159 0.09858135835339946
2160 0.07421757392865021
2161 0.04204268736856013
2162 0.09441284233461503
2163 0.09802780452142064
2164 0.09851749803186062
2165 0.10458681076688062
2166 0.1201921910820685
2167 0.10413699492318243
2168 0.09328430785310073
2169 0.045096661746459515
2170 0.07709236502680646
2171 0.08886117679792964
2172 0.09212009073726155
2173 0.16009887429820602
2174 0.2560170511392721
2175 0.2459523500306779
2176 0.2328831387158885
2177 0.1316753364790605
2178 0.053798748488198864
2179 0.0754544762670543
2180 0.09399932044630552
2181 0.19819721015024871
2182 0.3246067428524524
2183 0.32257314985841884
2184 0.32314117030000983
2185 0.2673328590875589
2186 0.13943494856805835
2187 0.12369803696580879
2188 0.11145498847205078
2189 0.08156964637255389
2190 0.09655481399922607
2191 0.09551744036297106
2192 0.09519032082088427
2193 0.08056855064140504
2194 0.0639321409301033
2195 0.06189092755763217
2196 0.058574696661252965
2197 0.06085019958253896
2198 0.0986202326662968
2199 0.10274304625589074
2200 0.10918814463498107
2201 0.07762738854873286
2202 0.03533902052255101
2203 0.03412919383213007
2204 0.038057327310145814
2205 0.039748642892094226
2206 0.06681231097800396
2207 0.06399170215153598
2208 0.061250699288917035
2209 0.057221865925420834
2210 0.08306098968853914
2211 0.08888876628996809
2212 0.08666556579798738
2213 0.08196180165683181
2214 0.04424062816531868
2215 0.045592667147259784
2216 0.04490323895828536
2217 0.05374813994867504
2218 0.21329916172889982
2219 0.22322606539807746
2220 0.23542937768450897
2221 0.26838696546646873
2222 0.31220920214584674
2223 0.3081520388122757
2224 0.30751539080908485
2225 0.25618703157553213
2226 0.12150556363285227
2227 0.09816360557886204
2228 0.08670248964322365
2229 0.06736762598897977
2230 0.042365825992382436
2231 0.0351865217984536
2232 0.031482718512377376
2233 0.06403290860588555
2234 0.06611799798351761
2235 0.06816869344942748
2236 0.07811312409175367
2237 0.06774324194116355
2238 0.036862710714189256
2239 0.033839468816478854
2240 0.031212857664579333
2241 0.03298937323913907
2242 0.0543659082145513
2243 0.05627814535410453
2244 0.05658705234375422
2245 0.027148219790074445
2246 0.07488351036591476
2247 0.08776019220712132
2248 0.10256079103147554
2249 0.11523706640425584
2250 0.07800876977585597
2251 0.08053533415921811
2252 0.08415534300618868
2253 0.06091866116343901
2254 0.1507423900825854
2255 0.17205103760592777
2256 0.18845376435190264
2257 0.08607349971837845
2258 0.0755061492180924
2259 0.08889246425403795
2260 0.0986500922814345
2261 0.11414894769335979
2262 0.045493637528528114
2263 0.039820213501173506
2264 0.03928829881686219
2265 0.03804875631694942
2266 0.15356306688341007
2267 0.18515727793816153
2268 0.21518908764257436
2269 0.19543607601481247
2270 0.03995352376924767
2271 0.06523896389403687
2272 0.10540531122564051
2273 0.033959665748871735
2274 0.1460449511610606
2275 0.14592691637961655
2276 0.13742153427449277
2277 0.20012500934520017
2278 0.13253871652636123
2279 0.10202263951833501
2280 0.06519045662625784
2281 0.07143569457008271
2282 0.2098269064206982
2283 0.23082400541765236
2284 0.2544646979284764
2285 0.2426630587684956
2286 0.08286490165181119
2287 0.08035562144648464
2288 0.07667430597930416
2289 0.10949824956335322
2290 0.05729213437673521
2291 0.05629285522035216
2292 0.05264666262059329
2293 0.10963753711300832
2294 0.057904429278568315
2295 0.08351409473868104
2296 0.1176290329221318
2297 0.14827480946025895
2298 0.11048347308070584
2299 0.11591098942617985
2300 0.12091550780548732
2301 0.09382290551155538
2302 0.175278914445019
2303 0.19167604491835727
2304 0.20275374111042507
2305 0.2664325191489081
2306 0.1363003022900386
2307 0.10565113081389911
2308 0.07320344034792149
2309 0.05884976470984864
2310 0.06334275687902767
2311 0.06222572856117619
2312 0.0625468547207414
2313 0.06636355313194577
2314 0.11720087768726585
2315 0.11977907794850405
2316 0.11781602112487757
2317 0.10011479020997359
2318 0.029096337645319985
2319 0.032142879663024704
2320 0.038011280846838406
2321 0.05735655952868806
2322 0.04843170928547122
2323 0.04889865890875649
2324 0.050444815530904075
2325 0.12027223311311092
2326 0.18105760679596467
2327 0.17227721527882836
2328 0.17000200603526333
2329 0.09112949937386969
2330 0.02674219611400807
2331 0.03257750134017174
2332 0.03939096025630735
2333 0.04109625470877139
2334 0.03198465396260053
2335 0.032282787493128774
2336 0.03432650705762352
2337 0.05108477944392213
2338 0.06162654666399953
2339 0.061668943356881806
2340 0.06164109829045043
2341 0.1143089146022197
2342 0.18071556338760608
2343 0.17470240900828735
2344 0.1714734480098747
2345 0.0593154656348504
2346 0.030135147270694555
2347 0.03125605394036805
2348 0.037896155378112126
2349 0.08030065493784351
2350 0.07786355027317776
2351 0.07382903190346213
2352 0.06884966898579212
2353 0.05490195331539048
2354 0.08150048103482195
2355 0.10874980011892821
2356 0.12931750668654757
2357 0.30285177875963765
2358 0.31705594142246984
2359 0.30761366282214886
2360 0.2961632114618941
2361 0.20593200264118924
2362 0.16092008279237852
2363 0.15402786393817913
2364 0.1458130361023276
2365 0.09562721073006775
2366 0.09875291650793716
2367 0.0944396812829165
2368 0.0916102602761859
2369 0.07322867143444527
2370 0.06500246433398123
2371 0.06958970726875428
2372 0.07256814100838538
2373 0.05279306183334178
2374 0.09764818680633969
2375 0.11130023519561427
2376 0.12476109818084846
2377 0.1407023569797112
2378 0.12957082568362505
2379 0.12391251016349797
2380 0.12137436377103401
2381 0.05620815224554639
2382 0.07699583278426989
2383 0.07824186879627733
2384 0.08132544636250934
2385 0.08444601426270093
2386 0.07211856290950468
2387 0.06712765576318519
2388 0.0647044897845069
2389 0.047580964142628177
2390 0.10689034607673041
2391 0.13179833011081163
2392 0.15432346594159232
2393 0.13528492369024162
2394 0.05485960450462389
2395 0.05490407796762219
2396 0.05499496024569606
2397 0.07500830307261036
2398 0.07565024775474556
2399 0.07598113343422346
2400 0.07621565805389875
2401 0.0559367237993846
2402 0.1250441531646018
2403 0.13717177072829806
2404 0.1469777771389209
2405 0.154349795532169
2406 0.06739638732008756
2407 0.05778506487542617
2408 0.05418898102501935
2409 0.07201122179070822
2410 0.09375577633352064
2411 0.0982782270582865
2412 0.09833525799759692
2413 0.16451170738414012
2414 0.15405006287050924
2415 0.1508930722300894
2416 0.1459670868873075
2417 0.09315234275272191
2418 0.07885115316665789
2419 0.0628280802078808
2420 0.051743352409119994
2421 0.07339760552825947
2422 0.15231248981577183
2423 0.16985426525709155
2424 0.18495824896043966
2425 0.21125647678901346
2426 0.16841899263215873
2427 0.16029529232041845
2428 0.15434564142264687
2429 0.04015764866145957
2430 0.05249598403865931
2431 0.08092694001121749
2432 0.09546750908349197
2433 0.17050458176751906
2434 0.18440768598682605
2435 0.1792726505221206
2436 0.1729465944803244
2437 0.07842563878117453
2438 0.07740931827309154
2439 0.11288408522277221
2440 0.14468614265624674
2441 0.22255424618092165
2442 0.25232585190959916
2443 0.26463009208248844
2444 0.26992435799248926
2445 0.20634856712621788
2446 0.16213856432608278
2447 0.1450031864678714
2448 0.1385851318123829
2449 0.0684392678118202
2450 0.14198797948747263
2451 0.15952601396186053
2452 0.1728828165924036
2453 0.14221233929126728
2454 0.05240605652656387
2455 0.05758763976516781
2456 0.06453406729180568
2457 0.1047701268826925
2458 0.10655318313044443
2459 0.10716213854102095
2460 0.10077063174257658
2461 0.05020446723842329
2462 0.16308472219603137
2463 0.17963259739611684
2464 0.19770608467935044
2465 0.10333313723118835
2466 0.16312543715976496
2467 0.1868094302666925
2468 0.20975806161516172
2469 0.16603953168960983
2470 0.07622698445538528
2471 0.09485426300182061
2472 0.11173003769070476
2473 0.19456525202845332
2474 0.16577637951004728
2475 0.14748483884232488
2476 0.12885544167941274
2477 0.11339576422605797
2478 0.2789525541390009
2479 0.3001426155239844
2480 0.3169693062898987
2481 0.29054936301527506
2482 0.11545507054145183
2483 0.10584172881730093
2484 0.10119532512099806
2485 0.08628465702317735
2486 0.0751204887568716
2487 0.0746919447952961
2488 0.0733184306693145
2489 0.07049525300793733
2490 0.09191785107037452
2491 0.0887769162658482
2492 0.08364626141638278
2493 0.0962108095696812
2494 0.08920565267414252
2495 0.08904882537193377
2496 0.08776388901302479
2497 0.09348843505852333
2498 0.0988049815683672
2499 0.09911397046252438
2500 0.10260360814865711
2501 0.03040140374634377
2502 0.1190465385793729
2503 0.12062650284888483
2504 0.12217346007258026
2505 0.08648769385143036
2506 0.12323496787296875
2507 0.13904439683379502
2508 0.15580284778706088
2509 0.19715021939579175
2510 0.11763540578419494
2511 0.09776167215822423
2512 0.08568711281654796
2513 0.0608571579371991
2514 0.07809577752321525
2515 0.07965695522254795
2516 0.08381230462765105
2517 0.16958362241817646
2518 0.21734604712027722
2519 0.20661424154379643
2520 0.1956821356605853
2521 0.1463209543423531
2522 0.18160374199348658
2523 0.18215553514029342
2524 0.18593001151734706
2525 0.10431864652483447
2526 0.09300061798518533
2527 0.09539236791307519
2528 0.09810513551482816
2529 0.11131876325410338
2530 0.1497572327311799
2531 0.15153313315917766
2532 0.15273943196385675
2533 0.0806720760745342
2534 0.09909221999922058
2535 0.11766804085979082
2536 0.13170528666407896
2537 0.15156901594861039
2538 0.04092849142374012
2539 0.035562834085378116
2540 0.03166446249438466
2541 0.08065811615103965
2542 0.04897504810463589
2543 0.05191685848234068
2544 0.05388838868447319
2545 0.04431707334186068
2546 0.15594713368337
2547 0.17073717255642495
2548 0.1873779348488233
2549 0.14468175180770615
2550 0.09318061505119363
2551 0.11894501596028616
2552 0.1420585358269771
2553 0.06298159254271109
2554 0.0464408433878593
2555 0.05284192033493031
2556 0.06505967006838982
2557 0.04839514230351813
2558 0.08608024459695283
2559 0.09887362319052685
2560 0.11036866823575558
2561 0.20195289622919715
2562 0.1073966555381095
2563 0.08935662213278858
2564 0.06544390134334142
2565 0.1597103587363637
2566 0.22586522331989958
2567 0.22878354561828074
2568 0.22921715298633633
2569 0.08887331422105707
2570 0.05871689781109288
2571 0.05847184706889005
2572 0.05679152939342024
2573 0.23438369068007958
2574 0.22830192120226867
2575 0.21732033906729323
2576 0.20784263643615472
2577 0.16190298858057783
2578 0.18483055577075116
2579 0.1920302195266931
2580 0.19949907289307436
2581 0.055460452111851515
2582 0.07071040713008749
2583 0.09762619177453859
2584 0.115609555460271
2585 0.2155516593335097
2586 0.21987846381081635
2587 0.20971469946963614
2588 0.20417638689779588
2589 0.08007258688033625
2590 0.056372746684444634
2591 0.06169398037403955
2592 0.06420534916273615
2593 0.03421824527866732
2594 0.11133180720334251
2595 0.13790817927824373
2596 0.15803533136092174
2597 0.1431992481361054
2598 0.11323485946726257
2599 0.11322770351733974
2600 0.11242082711287248
2601 0.09299036220139238
2602 0.09591933271641981
2603 0.10100652237577128
2604 0.10065239060709509
2605 0.10184340893576414
2606 0.05772784388882221
2607 0.054388317688009315
2608 0.05569950544967339
2609 0.06936536083110509
2610 0.13127324126775144
2611 0.13716372359965384
2612 0.14219828661808975
2613 0.11836588935304701
2614 0.1154058464806498
2615 0.11546130030693305
2616 0.11683637802778228
2617 0.09812291455796715
2618 0.09669637474015569
2619 0.10010401828629797
2620 0.09784058910921227
2621 0.07197603873038448
2622 0.07140137560374589
2623 0.07180616371866956
2624 0.07133497700179636
2625 0.0600385105097029
2626 0.08007739725703655
2627 0.07808912582609538
2628 0.07982952606260064
2629 0.11098883229604313
2630 0.1152798358641908
2631 0.12334612335906606
2632 0.12826317866325565
2633 0.07417778414937908
2634 0.03526844787144994
2635 0.03377722007823028
2636 0.033876705904900294
2637 0.03709843997004631
2638 0.055188063520641276
2639 0.05832999593441363
2640 0.06145510737982329
2641 0.08501089948511481
2642 0.09082717407882544
2643 0.0911827790083303
2644 0.09113538223158156
2645 0.15877501143065287
2646 0.2338347231419351
2647 0.2508608838370881
2648 0.26030997109794984
2649 0.2557566973633505
2650 0.19544135884591865
2651 0.18621449645557675
2652 0.17649473696550247
2653 0.1025337815992707
2654 0.08549947501057971
2655 0.08646701315712879
2656 0.08640828284687377
2657 0.12657782837493167
2658 0.15049336416285913
2659 0.1566079601093987
2660 0.15996541527190283
2661 0.09562950080865144
2662 0.05350578150979567
2663 0.04951307129940536
2664 0.04684529063921228
2665 0.05220767543369916
2666 0.07377113014114202
2667 0.07214009728952386
2668 0.06881223557091222
2669 0.057585876641587264
2670 0.06965733735739786
2671 0.06348304178680406
2672 0.05778037200543925
2673 0.034560706552731316
2674 0.10738322737471066
2675 0.11652536357771355
2676 0.121316846191673
2677 0.11845997675608207
2678 0.06734531589635519
2679 0.05303915748466584
2680 0.05190592044636965
2681 0.08237069922905711
2682 0.10799958221714143
2683 0.10628488269453812
2684 0.10024584616246313
2685 0.11199803547844969
2686 0.1446825181335416
2687 0.13412982209568333
2688 0.12450806412462424
2689 0.09495488450239065
2690 0.028235640071398515
2691 0.0302918594431542
2692 0.03511263273351095
2693 0.10153603141857799
2694 0.1847235614806203
2695 0.1829294747054728
2696 0.18381383289894995
2697 0.1208116631906845
2698 0.04740679333668607
2699 0.06065180551201536
2700 0.07660759373854997
2701 0.16226818108832944
2702 0.19000566153969214
2703 0.18104258347366414
2704 0.16860278210836754
2705 0.1298294244640529
2706 0.06590352342710926
2707 0.056377967909353635
2708 0.05522362061049312
2709 0.06977276548451954
2710 0.2258096171790649
2711 0.2396910380184611
2712 0.25031687041038087
2713 0.2710736379547671
2714 0.23935931896779647
2715 0.22474766340124072
2716 0.21438274934458856
2717 0.13346795526468813
2718 0.08506099517843396
2719 0.08406086600635977
2720 0.08484890868701973
2721 0.08051444234906155
2722 0.10132786883444635
2723 0.1155160566988437
2724 0.12628300798232875
2725 0.07448663832987963
2726 0.1182838347398003
2727 0.13068186886631028
2728 0.14362523813952774
2729 0.13023670471197282
2730 0.07200476708718889
2731 0.06689994677029823
2732 0.062030220264382575
2733 0.06349887260855915
2734 0.07447821458579759
2735 0.0777413348792966
2736 0.09450387173055765
2737 0.07119836919666686
2738 0.18780541736736941
2739 0.21365537732722104
2740 0.23264350150053595
2741 0.18403998883074246
2742 0.10815811469223482
2743 0.1290498220893865
2744 0.1494150961939796
2745 0.17268346842820284
2746 0.08707209779142112
2747 0.07481016159243094
2748 0.0743245084252779
2749 0.06695856733450761
2750 0.20015364430171903
2751 0.23464938472922506
2752 0.2619179593914393
2753 0.30785048057110814
2754 0.2016626521874625
2755 0.17983729344537705
2756 0.16385379803613304
2757 0.081048152282588
2758 0.16399905025834347
2759 0.15349866606252263
2760 0.15172780159180255
2761 0.037414543854294775
2762 0.03314177916321783
2763 0.03564918925725894
2764 0.03657435873114075
2765 0.07238720639755611
2766 0.047029641858742144
2767 0.052016401598056296
2768 0.05351993624043238
2769 0.09336377729261505
2770 0.13954134537447127
2771 0.12698633419693475
2772 0.11633031406836795
2773 0.05802082205144315
2774 0.051281769012177826
2775 0.0580359647784927
2776 0.0660652366910765
2777 0.1099023526038273
2778 0.06331033831672946
2779 0.05324794373735912
2780 0.04201546254130196
2781 0.04587242223168142
2782 0.08697639985312611
2783 0.08761935256735781
2784 0.0903614853721163
2785 0.07201225924015063
2786 0.03895022671421764
2787 0.040330994264157906
2788 0.03882814475351528
2789 0.04444157586208841
2790 0.06621399220954734
2791 0.06784010405398637
2792 0.06503924637742807
2793 0.08574091527410485
2794 0.09964261603108167
2795 0.10429720391106834
2796 0.10000549031934794
2797 0.1552759680293761
2798 0.09774742327689286
2799 0.08180919752593954
2800 0.05953403596707461
2801 0.09296122036536807
2802 0.11870270474057878
2803 0.10428434745766785
2804 0.08494767182990683
2805 0.22570405519707115
2806 0.20125398361999305
2807 0.17757949355086064
2808 0.14212384152343677
2809 0.14793752655980633
2810 0.20650075482357652
2811 0.19796744414774362
2812 0.18650165840765734
2813 0.15678234570847122
2814 0.16959964734741415
2815 0.1656451749293752
2816 0.1650741379594723
2817 0.08810887437861586
2818 0.06602616781526037
2819 0.06349059982304456
2820 0.05885571644430192
2821 0.08713799736669624
2822 0.06277395682137533
2823 0.05205945574168253
2824 0.04386882869345115
2825 0.04712896778819714
2826 0.11506426640081814
2827 0.1358897424461817
2828 0.15566052880389444
2829 0.15206742480965704
2830 0.1530481755701927
2831 0.15931401134907863
2832 0.16326309587138327
2833 0.13191328163814114
2834 0.11251875571196604
2835 0.10747161792926968
2836 0.10183164187335807
2837 0.10506563773670852
2838 0.07735835414643787
2839 0.06385678572937006
2840 0.051619401403679224
2841 0.062403876261153624
2842 0.06271429599711556
2843 0.06217366730053818
2844 0.055731775931787485
2845 0.054889064666065135
2846 0.05996422598998732
2847 0.059582180338671624
2848 0.05576734146283454
2849 0.04311220661849727
2850 0.05270578209817545
2851 0.05751160568218324
2852 0.06323618054815053
2853 0.1318635598815776
2854 0.162022942374034
2855 0.16459813562416228
2856 0.16940722116861143
2857 0.12659176662970598
2858 0.0686515884596534
2859 0.05552791816246285
2860 0.0497956590052024
2861 0.03143788806965203
2862 0.03900687101078963
2863 0.040282168682390575
2864 0.04419033300923334
2865 0.06779760749317315
2866 0.11565091157767289
2867 0.12244470004334618
2868 0.13145348780904775
2869 0.11800896984040816
2870 0.06657341466335061
2871 0.054857914851319654
2872 0.05211694837907421
2873 0.03981141968068081
2874 0.03564884275796003
2875 0.037578305118950925
2876 0.04175047212581102
2877 0.04521940266874604
2878 0.05623786744793937
2879 0.05546136493323196
2880 0.057670672924457315
2881 0.07027217037693653
2882 0.08774610282989324
2883 0.08861019155500408
2884 0.09375691089830268
2885 0.16258916290461983
2886 0.21598376249238047
2887 0.2217400476022502
2888 0.22373080953513488
2889 0.23604015032786754
2890 0.24945601518618551
2891 0.2449076317140604
2892 0.2398099225776756
2893 0.1851982464353871
2894 0.17918597422533725
2895 0.17523747782764257
2896 0.17137556749255767
2897 0.07365905338743448
2898 0.05194605128373486
2899 0.04968869396477764
2900 0.047319389846280646
2901 0.09564863425724654
2902 0.09676479670020437
2903 0.10126758890028666
2904 0.10716576760564145
2905 0.08229299785442795
2906 0.053353782237602836
2907 0.053120751888539555
2908 0.05296806776765599
2909 0.05427913012528279
2910 0.08984605010735451
2911 0.09350216161652951
2912 0.09908726191994047
2913 0.08557726734565699
2914 0.04720803014370446
2915 0.03786680641724353
2916 0.04004861775379061
2917 0.04123439128936899
2918 0.06464390150548774
2919 0.06786002484974774
2920 0.07241023066301247
2921 0.051313807794302634
2922 0.046915087770394326
2923 0.04769381856878656
2924 0.04938824213891714
2925 0.042237863422886525
2926 0.05545177547634994
2927 0.05762843757513593
2928 0.060761422969042925
2929 0.07661560523452178
2930 0.09292018967126768
2931 0.09348466372829085
2932 0.09229056682876452
2933 0.0795196335275023
2934 0.07875185685832414
2935 0.07830102984897602
2936 0.07488005286967823
2937 0.10008691628882659
2938 0.08836467292186725
2939 0.08284629021561775
2940 0.07427057139899536
2941 0.09986408672926549
2942 0.11301411080440998
2943 0.11331858500831177
2944 0.11032370356674624
2945 0.10423451333322292
2946 0.05388629803839407
2947 0.043126514707853746
2948 0.03899109026810712
2949 0.05877800888240101
2950 0.0659021633473201
2951 0.07503634030612492
2952 0.08338463065050647
2953 0.11357694894965475
2954 0.1121937857723263
2955 0.11260800387651619
2956 0.11492624315940898
2957 0.06727416136729318
2958 0.05036499783434638
2959 0.04959030561809474
2960 0.04775175570770153
2961 0.06015305543850755
2962 0.09845095968019096
2963 0.10261203400691601
2964 0.10180612547969968
2965 0.069398254039868
2966 0.03326019074741989
2967 0.038738224117491143
2968 0.047253595444524746
2969 0.049495819198154156
2970 0.0901515447666925
2971 0.10714400282145763
2972 0.1252677591758489
2973 0.11892005452703963
2974 0.12905611939794862
2975 0.135916716853303
2976 0.1443935676725366
2977 0.10377987875209074
2978 0.05481223269024366
2979 0.04865745686654403
2980 0.04464767580930437
2981 0.04035289239366979
2982 0.04627217632737127
2983 0.048659963424214844
2984 0.051131255200422394
2985 0.04141326350048016
2986 0.05746653695375991
2987 0.06119171041249678
2988 0.06308669244659768
2989 0.06422952971086698
2990 0.13272480261149006
2991 0.14383283123474178
2992 0.1508778730170961
2993 0.10751115127070247
2994 0.08922697997930298
2995 0.08961340822153697
2996 0.08849292681960064
2997 0.0588711789600158
2998 0.08857230819289491
2999 0.08827375778710152
3000 0.0888566551617001
3001 0.07947347399155742
3002 0.1706747414078057
3003 0.17498320773265863
3004 0.17784724799680643
3005 0.18224511917539646
3006 0.20529502853480514
3007 0.20455615274419292
3008 0.20010860405723746
3009 0.23683893773244813
3010 0.2583600610532859
3011 0.25212879875259786
3012 0.2458454175155593
3013 0.1833371605478808
3014 0.09098626505459084
3015 0.08239885880097376
3016 0.07392640368788843
3017 0.0650023009123177
3018 0.11385144174600637
3019 0.11397400291784983
3020 0.11072504153339688
3021 0.09237869939827563
3022 0.10496432316572182
3023 0.10262803841505952
3024 0.09918743955928971
3025 0.0829205721556152
3026 0.1042853135509902
3027 0.10518033857883245
3028 0.104822553421283
3029 0.083607361728841
3030 0.06412081905916371
3031 0.06350404817750764
3032 0.05660198890310499
3033 0.052226003320987396
3034 0.10956028385914364
3035 0.12091924232786795
3036 0.13359913494506928
3037 0.13638654225696356
3038 0.07532994066115037
3039 0.07057534143191527
3040 0.06900524521855918
3041 0.08555627521643978
3042 0.10055699645407934
3043 0.10530296828883283
3044 0.11001144397349708
3045 0.15093405151332331
3046 0.19622969516429498
3047 0.20191455289806826
3048 0.20373571516473143
3049 0.195634018235118
3050 0.17207464456299484
3051 0.15884396140018167
3052 0.14959632981055712
3053 0.06291036034767732
3054 0.12790367233702407
3055 0.13754410728896577
3056 0.14905500168646119
3057 0.13192854353838337
3058 0.08044331897515057
3059 0.07887962377603877
3060 0.07845966779220472
3061 0.07913189033171371
3062 0.0872153892294607
3063 0.08804067588709863
3064 0.0893010998674025
3065 0.07869939475711749
3066 0.05444000043996285
3067 0.049103820459502755
3068 0.04336676882851478
3069 0.038645888611192794
3070 0.06626109363893531
3071 0.06451685903377155
3072 0.06021182475749759
3073 0.07795541879856653
3074 0.059776751331580315
3075 0.04985407234406051
3076 0.04347917016171648
3077 0.04339395036609758
3078 0.033197860071785906
3079 0.03557144973310186
3080 0.03823230333220112
3081 0.06254803188118244
3082 0.06553387068573378
3083 0.08149186276157207
3084 0.09560620056991931
3085 0.11696928232708793
3086 0.15376632014354963
3087 0.15666914951585398
3088 0.15626583059295185
3089 0.16727719232877694
3090 0.17782576740721032
3091 0.1734653536123739
3092 0.1669873121913036
3093 0.1984791436308248
3094 0.1880984952259088
3095 0.18390784308166333
3096 0.17451775865572647
3097 0.11996042944609776
3098 0.09811808425467038
3099 0.08192649546154787
3100 0.0685628229361704
3101 0.1507040889392741
3102 0.18313792433919843
3103 0.17444091518853155
3104 0.16986817295587428
3105 0.17820618826023635
3106 0.15238167482262996
3107 0.1484920969362242
3108 0.14674198876843025
3109 0.08097022482964938
3110 0.05145847881940404
3111 0.052286279500987555
3112 0.05223033550719341
3113 0.06016911114053161
3114 0.139646063092033
3115 0.15001506050605043
3116 0.15475959598763153
3117 0.14245476183800831
3118 0.13700707257962136
3119 0.13557413380974695
3120 0.13400463092151302
3121 0.042900083268664374
3122 0.035915310849871325
3123 0.04199595788785107
3124 0.04738900639845007
3125 0.07553091979661894
3126 0.1049589831087359
3127 0.11761510270342362
3128 0.1288974328852029
3129 0.1427976432531255
3130 0.1413741864975298
3131 0.1364462296864
3132 0.13308204213945848
3133 0.09910197696453214
3134 0.08599814384319503
3135 0.08544281702560445
3136 0.08587812626366136
3137 0.1250714469812313
3138 0.13428122600635542
3139 0.12856802062796455
3140 0.12507896195390053
3141 0.14258194435467436
3142 0.17709066951649785
3143 0.174225001719388
3144 0.17245003221204927
3145 0.13991909412008383
3146 0.12408646076198757
3147 0.1258569033914293
3148 0.12645530812184017
3149 0.08211331373184821
3150 0.07790101822920432
3151 0.07953402519408813
3152 0.08081242786859665
3153 0.07282970775690871
3154 0.062469421551351434
3155 0.06104709022020585
3156 0.05969496666972699
3157 0.07830856335847788
3158 0.08334365892153374
3159 0.08616238916572175
3160 0.08887451660393901
3161 0.07151929932229549
3162 0.05249845506208054
3163 0.05251855603414469
3164 0.0529270093270753
3165 0.0417166298919564
3166 0.03762637660856669
3167 0.03773708819608782
3168 0.03921745473713784
3169 0.09223875634941128
3170 0.12497295977706405
3171 0.13111816768715062
3172 0.13482421262242103
3173 0.1546489095891371
3174 0.16501839673210747
3175 0.17045223147361754
3176 0.17239733673096527
3177 0.1949277818772819
3178 0.2097751689049469
3179 0.21349533151171704
3180 0.2145859228007919
3181 0.17289937195938493
3182 0.09954558716778544
3183 0.08433097458803866
3184 0.07751883548496322
3185 0.0695475865423862
3186 0.06320620387675424
3187 0.06346707978268318
3188 0.062807255048826
3189 0.06317649089563555
3190 0.05890254182702059
3191 0.05778229011873611
3192 0.056184087424304904
3193 0.06371832636898676
3194 0.06893497760623236
3195 0.06694842448787218
3196 0.06459380256172485
3197 0.07837947402968667
3198 0.08695068221553708
3199 0.08815051783082568
3200 0.089604372336312
3201 0.07666087413638703
3202 0.04156871121403977
3203 0.03847431460745544
3204 0.0400688293040587
3205 0.05267589091418904
3206 0.04013158305629838
3207 0.04231002204113566
3208 0.045037615121456306
3209 0.04917519554697022
3210 0.0836548357400526
3211 0.08690195248054214
3212 0.0867005115441828
3213 0.1234016899417488
3214 0.07797331699766283
3215 0.06118739799583743
3216 0.04565903885512021
3217 0.03161441970542655
3218 0.044558687250757734
3219 0.04098252412242097
3220 0.03916196315829985
3221 0.03208441131383007
3222 0.07571401504150481
3223 0.08725307315744538
3224 0.09777402058803664
3225 0.10800708417774708
3226 0.06194312753855674
3227 0.05149527666068697
3228 0.04610873366179631
3229 0.039995320528365685
3230 0.12188928278084586
3231 0.12772490809497705
3232 0.1297323866565779
3233 0.1113708825939422
3234 0.03411168183182786
3235 0.03135619632762169
3236 0.03041872528607496
3237 0.05195094109072136
3238 0.10620870812377878
3239 0.11472246303781856
3240 0.12204777896859037
3241 0.14248384262528788
3242 0.16915371288459932
3243 0.17019229092314075
3244 0.17117257768859043
3245 0.17285158340561127
3246 0.15088844992542771
3247 0.14560504946306468
3248 0.14148165188359546
3249 0.12040557415946551
3250 0.06731210223751809
3251 0.05967444928994237
3252 0.05977398135014764
3253 0.06427969222994598
3254 0.07767257469000162
3255 0.07589842159448322
3256 0.07752171493424397
3257 0.08009489857328524
3258 0.07569365028329589
3259 0.0730283793962511
3260 0.07361050423264795
3261 0.08547508837494071
3262 0.1074908088988958
3263 0.10608540656124618
3264 0.10604647924344758
3265 0.10200507326136665
3266 0.08119759823343715
3267 0.07150569531701635
3268 0.066355825033866
3269 0.06485897453031675
3270 0.08437658039281835
3271 0.07865060190474323
3272 0.07628518317796724
3273 0.08343624995061445
3274 0.14922413157074332
3275 0.14738774779629263
3276 0.14905400355924822
3277 0.11443575693430706
3278 0.12885577763797676
3279 0.13358086365004146
3280 0.13620624003095966
3281 0.1057139483226421
3282 0.13472174188785646
3283 0.1392873455269754
3284 0.14196596203967202
3285 0.15709346560062862
3286 0.22799798481850694
3287 0.21927364800297808
3288 0.21436673788168842
3289 0.14216769442765395
3290 0.14992645113406466
3291 0.1296288599837182
3292 0.12453486828534802
3293 0.05318508165651332
3294 0.06433800678529436
3295 0.065318705843854
3296 0.06926542446877473
3297 0.055265438866774846
3298 0.10162841640567365
3299 0.10775906925295203
3300 0.10802419635392395
3301 0.09812717622356752
3302 0.08881873836462739
3303 0.06909996209811918
3304 0.05899598908897136
3305 0.0787955163565405
3306 0.04158404658191979
3307 0.04092958301296711
3308 0.045546432337897055
3309 0.04525939425592787
3310 0.12405967403759778
3311 0.12789863891226466
3312 0.13805143606663145
3313 0.09323509898201507
3314 0.15859130129192675
3315 0.16816771951021728
3316 0.17128822922152373
3317 0.11508051863971362
3318 0.06194470744354442
3319 0.05520662535624262
3320 0.05591236065184807
3321 0.0479992056979524
3322 0.13571672480085867
3323 0.14679245943486816
3324 0.1534329878336827
3325 0.21799594891993146
3326 0.0429608025022741
3327 0.04754368616806461
3328 0.07786810434300889
3329 0.044951298431062055
3330 0.2737498205817572
3331 0.2752684535427929
3332 0.2675012283620112
3333 0.28998043149321867
3334 0.1638352705018226
3335 0.11321224340780567
3336 0.059788381765642745
3337 0.16053280786088836
3338 0.2792210799053325
3339 0.2767654866762927
3340 0.26890013391589074
3341 0.27744289059864957
3342 0.14685014397921478
3343 0.1183401409039721
3344 0.11173022259717715
3345 0.09035284723689008
3346 0.18878333812242798
3347 0.20459821728535355
3348 0.21544417065474536
3349 0.23361036717868863
3350 0.06648674317614675
3351 0.060379854783585506
3352 0.08040580643635042
3353 0.1036898109730099
3354 0.05665913975228648
3355 0.06559788964494086
3356 0.07702217290597771
3357 0.05467269383314765
3358 0.1615896445960675
3359 0.18938343802934654
3360 0.21687161929214405
3361 0.21867120383517774
3362 0.0651766748347335
3363 0.0615012384302103
3364 0.05829578865865379
3365 0.08613485295191932
3366 0.06450234132745182
3367 0.0894913034960067
3368 0.11817420125954665
3369 0.07378080617467209
3370 0.06627459857787402
3371 0.0655874512104116
3372 0.059643667502797613
3373 0.09415810932161445
3374 0.04941900443695688
3375 0.047787597020278
3376 0.044559277039894145
3377 0.04674901222064
3378 0.07946482833757276
3379 0.08520746435972844
3380 0.09011303907139759
3381 0.0969277444490062
3382 0.12769092264114226
3383 0.15302403931410416
3384 0.18209814999534077
3385 0.1654612106251758
3386 0.0774205652633205
3387 0.06946246225420867
3388 0.06419284543429953
3389 0.050100487859076476
3390 0.11550127501640611
3391 0.11777789559544563
3392 0.12670144161712235
3393 0.1319406571712421
3394 0.13231929608936688
3395 0.13049438029129773
3396 0.13446142718481782
3397 0.14679787799819796
3398 0.17187040994450617
3399 0.16806354449225108
3400 0.1681601415614208
3401 0.03817275444198465
3402 0.06825002620424542
3403 0.07206602306232966
3404 0.07659341476525879
3405 0.06997718745481345
3406 0.06538898110219064
3407 0.07278979194671782
3408 0.08338492943169687
3409 0.08976797401399572
3410 0.11852868387745767
3411 0.12552386658785805
3412 0.13144929189081606
3413 0.19404560007406904
3414 0.21490334741442024
3415 0.21601346545951458
3416 0.2148231711079154
3417 0.13714360694159505
3418 0.15932353930694954
3419 0.16759358384531256
3420 0.17446362650939592
3421 0.23231420974948963
3422 0.2944206652486811
3423 0.29453714599758457
3424 0.29524522633767586
3425 0.22089009153935313
3426 0.1585922051724925
3427 0.1409614425917679
3428 0.12540710811227768
3429 0.0718868547709003
3430 0.04944801187773242
3431 0.05087387412663153
3432 0.051532214691691586
3433 0.14534648783649665
3434 0.08822279254428046
3435 0.08437799234941326
3436 0.08361194210820604
3437 0.08241345822408387
3438 0.07702579997364528
3439 0.07562765246948464
3440 0.07288344186070471
3441 0.07911327005968859
3442 0.09257471466411668
3443 0.0932825430818373
3444 0.09190908292111573
3445 0.060758847752302315
3446 0.05792117320025933
3447 0.06536719027759176
3448 0.07535542669440512
3449 0.05482625574909594
3450 0.05462312516908304
3451 0.059661404862656454
3452 0.06560770229154739
3453 0.1260436612192249
3454 0.09524101879157543
3455 0.08684611865601916
3456 0.07705435438826173
3457 0.05570180861264332
3458 0.07413686075139125
3459 0.07295356430609291
3460 0.06945522189737552
3461 0.09894046385765405
3462 0.0507314196846766
3463 0.047933586700002646
3464 0.04435672550176379
3465 0.05892691876936883
3466 0.10744148520187641
3467 0.1197844829556215
3468 0.12705690403785758
3469 0.16691265189554166
3470 0.11636956489972329
3471 0.10652234077131523
3472 0.09484423988486468
3473 0.06308875518808597
3474 0.05674382574779756
3475 0.05212983825607475
3476 0.05067546561942796
3477 0.053645396226511044
3478 0.08354842278828126
3479 0.1002793817869445
3480 0.11740395518089555
3481 0.1137993516829225
3482 0.04249820137127192
3483 0.04061690782159888
3484 0.04087162054751934
3485 0.05197071221469273
3486 0.055800444424448044
3487 0.056136492580874435
3488 0.051893005401308624
3489 0.06830917978837384
3490 0.07884838607759927
3491 0.0769425644924678
3492 0.07320231353784483
3493 0.06761849747994178
3494 0.057750250195275195
3495 0.07077856229625841
3496 0.08643928593748354
3497 0.05119293949589371
3498 0.0520270816928096
3499 0.05743838612290654
3500 0.06489384621135058
3501 0.07930628940454507
3502 0.07940558630715806
3503 0.08422163360207746
3504 0.09163445063626874
3505 0.09343485768031394
3506 0.0809490849436013
3507 0.0827318923266433
3508 0.0921779047960998
3509 0.10650249177670282
3510 0.19802690365010167
3511 0.20519218674114048
3512 0.21364616382598378
3513 0.13388459010040346
3514 0.05234441635171005
3515 0.044850257461194414
3516 0.04604808783393019
3517 0.037159791304092867
3518 0.07400506743343113
3519 0.08244838329701526
3520 0.09002506692588272
3521 0.08505894166449617
3522 0.08690507369284088
3523 0.09060465060968127
3524 0.0922519686544326
3525 0.08296767956416558
3526 0.19397260062247065
3527 0.20331426411944697
3528 0.21602703142511342
3529 0.16560558203762143
3530 0.108112097477071
3531 0.10800941179165288
3532 0.10937656840413824
3533 0.0771731721103739
3534 0.15877652871825387
3535 0.17843371602498173
3536 0.19569275241006368
3537 0.26171025004788395
3538 0.21034578631127437
3539 0.1953532915374124
3540 0.1768355452307018
3541 0.17970154014595496
3542 0.29713251019420156
3543 0.2916813276606119
3544 0.2875970663301853
3545 0.22499738391381274
3546 0.13981756581488544
3547 0.12252380522208864
3548 0.1196803798966569
3549 0.10183869333127103
3550 0.13771108414894775
3551 0.13802232041628168
3552 0.13839465111487906
3553 0.14931476838454585
3554 0.11855077361578026
3555 0.11803090757326631
3556 0.115736757977984
3557 0.1124109530101659
3558 0.13860105400119885
3559 0.1429158812337079
3560 0.14436091980689297
3561 0.12089769811874358
3562 0.0705099275469547
3563 0.05695928268934263
3564 0.042212558243711576
3565 0.09184645641392188
3566 0.0743156348916252
3567 0.07121036864803934
3568 0.06796865666484153
3569 0.0478120889504122
3570 0.03791248733436154
3571 0.055824444614813375
3572 0.0759327239489679
3573 0.16483910110090683
3574 0.1857538335857101
3575 0.18388265354420494
3576 0.1842244072473042
3577 0.1601404822312078
3578 0.12829506574319555
3579 0.12945189219659478
3580 0.13201475334957663
3581 0.10192810872481588
3582 0.11353062611891275
3583 0.10611320430828115
3584 0.10286996772752795
3585 0.10216668825440556
3586 0.06989133076341411
3587 0.08096233254409872
3588 0.08925856422599725
3589 0.1358693150096095
3590 0.1732854169443208
3591 0.16752228429879415
3592 0.1657587971372117
3593 0.10287512949954342
3594 0.09623414669896702
3595 0.09741229533715483
3596 0.09758151912201767
3597 0.10157658943393667
3598 0.0878700803279748
3599 0.0813287200146566
3600 0.07439627281321533
3601 0.10817671267369382
3602 0.09905031019838818
3603 0.09677587566821608
3604 0.09380635105350525
3605 0.07437799777952557
3606 0.1912075471788889
3607 0.1989122631564544
3608 0.2103722041885112
3609 0.07457788341186722
3610 0.0569782887042333
3611 0.05996351210856514
3612 0.06468210215740897
3613 0.07071124790983054
3614 0.16221547593504249
3615 0.1748232601351961
3616 0.17852723274062227
3617 0.2683325986397493
3618 0.25747401517375396
3619 0.24857491050085687
3620 0.23730302888163918
3621 0.20323481331626103
3622 0.28940855270260274
3623 0.29484864888826084
3624 0.302772228081013
3625 0.18599744792747017
3626 0.0531604190693347
3627 0.05161747148502873
3628 0.05752838110776971
3629 0.14816445523249394
3630 0.11273341912858725
3631 0.10081884604506801
3632 0.09798072526243745
3633 0.07863535741544295
3634 0.08560644134206599
3635 0.09200182237670174
3636 0.10005681755047885
3637 0.09285415321355533
3638 0.059316109722091025
3639 0.06558402757457758
3640 0.06910294517229369
3641 0.09658620527382013
3642 0.11575055001121771
3643 0.1180524137402676
3644 0.11711691427089242
3645 0.10697518650749396
3646 0.1102313997491178
3647 0.11142885913486282
3648 0.1099650261231999
3649 0.1556885769396016
3650 0.103225599423261
3651 0.08027737896759739
3652 0.06737361954218155
3653 0.07024480260469183
3654 0.08369419754152418
3655 0.08813477043091265
3656 0.09310245032324946
3657 0.10784404696465284
3658 0.14585601268484621
3659 0.1610695375342711
3660 0.1737938869177915
3661 0.1818864630344278
3662 0.16073013198561317
3663 0.15046679790193804
3664 0.14688129901450409
3665 0.1409198823111962
3666 0.1647853159484422
3667 0.1753640413058359
3668 0.18169335447749996
3669 0.19648513520455335
3670 0.17015259067613642
3671 0.1534639613001241
3672 0.14007365511463174
3673 0.16042929958280877
3674 0.1915542128903396
3675 0.192070891193894
3676 0.19125994013379796
3677 0.09831398730018766
3678 0.09597184050692348
3679 0.09683828523058333
3680 0.09807868684268094
3681 0.07653117121426414
3682 0.06589848002044245
3683 0.0658289510313661
3684 0.06506806091114657
3685 0.06278818432418722
3686 0.06802150260403285
3687 0.06868707857002584
3688 0.07804540535739794
3689 0.056726518065383806
3690 0.07833891651096479
3691 0.08065680696642169
3692 0.08108699409611594
3693 0.07568043036098793
3694 0.06050505768925663
3695 0.0592431754553143
3696 0.05633648741797431
3697 0.04240126217364227
3698 0.058519022460003026
3699 0.06412116294783982
3700 0.07179110864458216
3701 0.13692728726377126
3702 0.16131256721993276
3703 0.17384410801882924
3704 0.18027683449725732
3705 0.159415573325243
3706 0.12343806025129507
3707 0.12390453527046609
3708 0.12461811557912707
3709 0.10807820493175369
3710 0.11085728801368351
3711 0.1088405333330224
3712 0.1032786008931543
3713 0.08862094211613658
3714 0.04922912622708865
3715 0.04381505205376507
3716 0.042033395169028064
3717 0.07427293099334843
3718 0.06367018807065496
3719 0.061792551360009315
3720 0.058228886588482506
3721 0.06841000715733983
3722 0.06477951526234883
3723 0.0624272179058821
3724 0.060294200547208805
3725 0.08663096157714667
3726 0.11307941604826846
3727 0.11584410555751232
3728 0.11813720423089807
3729 0.13044743026058925
3730 0.09299251224848545
3731 0.08586182903072195
3732 0.07711497291818285
3733 0.06441754472669677
3734 0.08290688569802787
3735 0.08453351184955456
3736 0.0822140689058684
3737 0.11211859279672931
3738 0.11115269785923443
3739 0.10411704467869091
3740 0.0997028692871198
3741 0.09285332217744237
3742 0.07313324672474002
3743 0.06567601306319405
3744 0.057397493222280764
3745 0.07501957730855767
3746 0.05640528603352398
3747 0.055389022573576904
3748 0.05423143778332665
3749 0.06206099847320882
3750 0.03263154534792357
3751 0.04107917871690114
3752 0.04855383773595444
3753 0.06837692967107294
3754 0.05707765864677077
3755 0.055455711726341485
3756 0.054490563290336115
3757 0.0424833218208749
3758 0.05110838477358883
3759 0.05188417782765962
3760 0.051501331451666965
3761 0.061932864173844346
3762 0.027586456429708434
3763 0.03148531975476027
3764 0.03984723058736898
3765 0.04552478876191158
3766 0.07729402201965971
3767 0.0829105942399496
3768 0.09178998477831513
3769 0.08031925480139122
3770 0.07494597493356388
3771 0.07994318201364262
3772 0.0843070134567018
3773 0.10068480361985949
3774 0.12067502877911139
3775 0.130585685110199
3776 0.13864740918574642
3777 0.1853152242351881
3778 0.1717657491603898
3779 0.1584054995836715
3780 0.14630719248821733
3781 0.11724054912790564
3782 0.14766951340325943
3783 0.14680502852291075
3784 0.1474490890228232
3785 0.09141557900700521
3786 0.060129961025395744
3787 0.059622249938854434
3788 0.06062503691782912
3789 0.06706052709777328
3790 0.10576882396498778
3791 0.10971219672431569
3792 0.11169935287800331
3793 0.12088390643278951
3794 0.11341847249676171
3795 0.10893150768747169
3796 0.10414627172564547
3797 0.10419205501113375
3798 0.15923518172604906
3799 0.17308671927383043
3800 0.18684835064684233
3801 0.18107278925193654
3802 0.11063747288955571
3803 0.10374705837688644
3804 0.09955359691802465
3805 0.08847212755858004
3806 0.1759118392422829
3807 0.19344556238460967
3808 0.20813095909603083
3809 0.2278396389089842
3810 0.13435691269959535
3811 0.13198199000768712
3812 0.1295719486524641
3813 0.09932090610159727
3814 0.23758054691012911
3815 0.2541363420015819
3816 0.2693004559498687
3817 0.2381957355389127
3818 0.1858090435693614
3819 0.16647173612043834
3820 0.15557526544846034
3821 0.08498812671476837
3822 0.08791000244216426
3823 0.08029478347250238
3824 0.07565484504704237
3825 0.06547783813523725
3826 0.08767029383570109
3827 0.08139133928410103
3828 0.07897430336422115
3829 0.0684956899572469
3830 0.06001748405673057
3831 0.06133161897786588
3832 0.06100857466987013
3833 0.06780093348684402
3834 0.08069975539070556
3835 0.0729206540071844
3836 0.07150112395191716
3837 0.03665424823233377
3838 0.05897729544432948
3839 0.06294848563128495
3840 0.06585909174156979
3841 0.08493472110159926
3842 0.0497238516012459
3843 0.05276327524403091
3844 0.04608032388676488
3845 0.02436334913414357
3846 0.19838566015625717
3847 0.20295142252642037
3848 0.20810725138469513
3849 0.17044845630786695
3850 0.16019194749802163
3851 0.15229109629925902
3852 0.15003196394828006
3853 0.21271799291892604
3854 0.07349133435359306
3855 0.04973865074404754
3856 0.052546029066021016
3857 0.13925311985552635
3858 0.25980747844837904
3859 0.2394678222293249
3860 0.2066224170105802
3861 0.2746934966967722
3862 0.2885558433780929
3863 0.256978629110256
3864 0.22122666874901462
3865 0.20579610260480907
3866 0.23154402601495036
3867 0.21291137889748163
3868 0.19594675896694763
3869 0.290909887367153
3870 0.17497274696379495
3871 0.13244874950483718
3872 0.11303226955771088
3873 0.10541625940659556
3874 0.2022819094904126
3875 0.1871480270643088
3876 0.15768268774903196
3877 0.17189425608595346
3878 0.16948154834042256
3879 0.14961176614274102
3880 0.1199322366835206
3881 0.05504201551850209
3882 0.08443215199457148
3883 0.09537160678237457
3884 0.1137352981834892
3885 0.0929452166992774
3886 0.13039021741920784
3887 0.1460358454346421
3888 0.16427072507033094
3889 0.11960790995050591
3890 0.0781717833406592
3891 0.07701087744786521
3892 0.08437574135474048
3893 0.06714550124136852
3894 0.07702197292750187
3895 0.07594988144185175
3896 0.07508599400954452
3897 0.13040596191114096
3898 0.07119761163403496
3899 0.0659232509126316
3900 0.05928617847298458
3901 0.07517496197733407
3902 0.044847109833163125
3903 0.04550642083099333
3904 0.06276896332705471
3905 0.04621620405787862
3906 0.08588186457159096
3907 0.09588052352692605
3908 0.09649843392321296
3909 0.13279875936328858
3910 0.11308199101030506
3911 0.11862662623279195
3912 0.1226986730402214
3913 0.10711461326410823
3914 0.14375688820849009
3915 0.16933466530214658
3916 0.1950706771252823
3917 0.26760547893232617
3918 0.31477309357026473
3919 0.32852797821936525
3920 0.33936308262398124
3921 0.3248922190548849
3922 0.28965955814814753
3923 0.28254858121407755
3924 0.27892459750215687
3925 0.1695907078655577
3926 0.11024404291740358
3927 0.09750535916930647
3928 0.08987425257642843
3929 0.10899474854738891
3930 0.16620353849125524
3931 0.1657633458382833
3932 0.1657036222858466
3933 0.19420310668596485
3934 0.2214938613084315
3935 0.21903517130501435
3936 0.21820648198863457
3937 0.14834324074668653
3938 0.12353631406796754
3939 0.12292471264107137
3940 0.12241371869486553
3941 0.14217567302390965
3942 0.1547214152026914
3943 0.1550385257897227
3944 0.15365123996772448
3945 0.1645058953205068
3946 0.18001165656466014
3947 0.1855602396024099
3948 0.18795191088908958
3949 0.30195319683258964
3950 0.3821633235837143
3951 0.3878696879493802
3952 0.3923838321466654
3953 0.343438232845697
3954 0.32630030590463877
3955 0.3226657943261976
3956 0.31831205486162556
3957 0.20852666639693745
3958 0.0908591749075886
3959 0.0671167688658983
3960 0.05858198986725161
3961 0.057501947772092596
3962 0.06008292670262963
3963 0.05776504662335426
3964 0.05271132904411983
3965 0.06084209181303697
3966 0.06362807535369569
3967 0.06267176902755715
3968 0.06092963464733722
3969 0.09134535618140267
3970 0.09905623621595006
3971 0.09869132695953482
3972 0.09521294110538617
3973 0.10903290940984271
3974 0.1513676287122715
3975 0.16619890762027745
3976 0.1827215737512514
3977 0.1453812864472953
3978 0.11836442361042387
3979 0.1141687636914597
3980 0.11693095852235412
3981 0.04447699705991306
3982 0.07510551742913388
3983 0.09273021746936913
3984 0.09752270814880204
3985 0.13739069862488576
3986 0.1737443049873451
3987 0.17737067642849047
3988 0.17687216916638507
3989 0.19368314146043883
3990 0.11064279306203474
3991 0.09194948864837155
3992 0.07324246649792915
3993 0.056269272162787015
3994 0.09612990942863195
3995 0.11448777730733636
3996 0.13442819164978792
3997 0.19258105081105903
3998 0.10299173236697572
3999 0.0849473663792159
4000 0.07803768418352916
4001 0.05361424689486455
4002 0.058216191677083196
4003 0.06044392596184782
4004 0.06354133149603487
4005 0.06496028098381805
4006 0.0806357814452883
4007 0.09215936468083577
4008 0.10984736488114231
4009 0.20154497284667452
4010 0.259911668222496
4011 0.2693738542113065
4012 0.27885700648483447
4013 0.2824653860110492
4014 0.21840502061326866
4015 0.2026996467504465
4016 0.19472214770685808
4017 0.07020070318593274
4018 0.07986759818915683
4019 0.0855941591702796
4020 0.09185680314719542
4021 0.097604877217803
4022 0.0910290660185204
4023 0.09162575637395266
4024 0.09335435022390066
4025 0.149315751889307
4026 0.23385049192456178
4027 0.24959957332023286
4028 0.2656765019298946
4029 0.30435249450552804
4030 0.22694065208432537
4031 0.21135150415878923
4032 0.20047050000214114
4033 0.10495027198137648
4034 0.11402105018466711
4035 0.11661249198167185
4036 0.11887491997116208
4037 0.11874631821566477
4038 0.1314374066571199
4039 0.14043728472692
4040 0.14670048580381134
4041 0.23129963168440737
4042 0.2736282568370099
4043 0.283469706822209
4044 0.28960188597161424
4045 0.2980696165033585
4046 0.2571182137523113
4047 0.25136790417401816
4048 0.24454284347637226
4049 0.21673269326410824
4050 0.18098779418762775
4051 0.16768934420176715
4052 0.1535398887985684
4053 0.1368772511488528
4054 0.1594139851036174
4055 0.15084009718124206
4056 0.14125106039661403
4057 0.12331340436195068
4058 0.11997869191047104
4059 0.11635692712066249
4060 0.10893243504144412
4061 0.08943472397894331
4062 0.0743374975944632
4063 0.07174414344747775
4064 0.07053798033004285
4065 0.07180526333924933
4066 0.0693335968757114
4067 0.07097061207692808
4068 0.08294549696384096
4069 0.09162526987307214
4070 0.10673063277299351
4071 0.11844085117623472
4072 0.12996377018717561
4073 0.1581952674264623
4074 0.18513484816447318
4075 0.18748682453369572
4076 0.1931257252674076
4077 0.1890203135630393
4078 0.20926087614547104
4079 0.2072988575734336
4080 0.209957948713787
4081 0.12730565610050232
4082 0.12070562475165515
4083 0.1173425591480222
4084 0.11678437219861773
4085 0.09848707316543097
4086 0.0972710673827108
4087 0.09370695903236559
4088 0.09380036191905376
4089 0.13889826249287976
4090 0.14531448582546866
4091 0.13943650365167679
4092 0.13821697128482857
4093 0.1337421531717256
4094 0.1592960234446834
4095 0.15817973754775458
4096 0.16293270499993437
4097 0.13047225908572405
4098 0.12384080818274386
4099 0.12233579590024125
4100 0.12177067015519676
4101 0.1166466069513531
4102 0.11274377830994033
4103 0.1088959787319955
4104 0.10627999974794398
4105 0.14503820198551534
4106 0.16718529917517028
4107 0.163545033295279
4108 0.16047313059749366
4109 0.19613026966910435
4110 0.19005198962353576
4111 0.17835683248227133
4112 0.1712539036491246
4113 0.12308743683347804
4114 0.06736462832166637
4115 0.0588210186420242
4116 0.05198616521606769
4117 0.07518278336414048
4118 0.0768554432689187
4119 0.07530581862679281
4120 0.08434571563217409
4121 0.07910999754028376
4122 0.06708206554479589
4123 0.060317242850904854
4124 0.05716544491961078
4125 0.10949981524800827
4126 0.12462192055439468
4127 0.11920484851495702
4128 0.11779387957788634
4129 0.08670842411142198
4130 0.05121743210113675
4131 0.059204805307731125
4132 0.06808904076823764
4133 0.054912307490994204
4134 0.049289303873337194
4135 0.055884304775952694
4136 0.0630995284300795
4137 0.07187808534404407
4138 0.13547568181341857
4139 0.14319928572660898
4140 0.14487307674293295
4141 0.196573009684972
4142 0.16821744327887578
4143 0.15655528658473034
4144 0.14414101529771403
4145 0.13440122744703512
4146 0.05736449253457137
4147 0.054590261982345636
4148 0.049464327917253414
4149 0.09696990176722255
4150 0.09341855604558856
4151 0.09304307645911851
4152 0.0910060003006371
4153 0.10090747563832456
4154 0.1290218879186121
4155 0.13344550532500699
4156 0.13241946600734658
4157 0.19962318270397578
4158 0.1472576312014284
4159 0.12806809732736524
4160 0.10745630125923761
4161 0.08179886470103064
4162 0.07147299780736786
4163 0.06926102160552963
4164 0.08801302181883316
4165 0.06353528838043641
4166 0.04150038560216732
4167 0.04127929222557602
4168 0.03985811490775482
4169 0.1302771130016474
4170 0.18034167824412609
4171 0.18059494439428034
4172 0.17629907360597596
4173 0.1251497378101868
4174 0.04355710794486488
4175 0.048642128457868236
4176 0.07089164070590842
4177 0.09468457589473696
4178 0.07643468224369108
4179 0.07704715414711377
4180 0.08256356691719624
4181 0.046510884390736404
4182 0.10258527249265599
4183 0.11345851128322483
4184 0.11374972201416172
4185 0.19405743737274717
4186 0.2535308138640703
4187 0.2586870061325484
4188 0.2545125474336241
4189 0.2371086462579878
4190 0.12705679399997954
4191 0.10568619002028706
4192 0.08241045511661903
4193 0.0656952490306671
4194 0.060338810662079384
4195 0.0586446671817461
4196 0.05447118034365094
4197 0.18457391776446666
4198 0.29231396159526996
4199 0.2978038794298618
4200 0.2908773189131935
4201 0.354487938147327
4202 0.32055945213728615
4203 0.2934315004590202
4204 0.2531538864330829
4205 0.15537083257894177
4206 0.04351733914420364
4207 0.05286264512745892
4208 0.07094333139102342
4209 0.0776476605685069
4210 0.06264094281732954
4211 0.06156758144291787
4212 0.07200275287180039
4213 0.05895664791052177
4214 0.09055252790683659
4215 0.08594251025969589
4216 0.07246888104826961
4217 0.12839892909922834
4218 0.11972193496137244
4219 0.11048028812781102
4220 0.09066760265978384
4221 0.08758043538908782
4222 0.09166010608829134
4223 0.08724535968226545
4224 0.07896405707749408
4225 0.07641593586081274
4226 0.082956483422414
4227 0.08404592137107623
4228 0.0729478777062877
4229 0.22614949453960126
4230 0.283837074481542
4231 0.2811504337934018
4232 0.2674745124548531
4233 0.29217671056264066
4234 0.22192130203462002
4235 0.1946890662620224
4236 0.15262645604664563
4237 0.0881666157719171
4238 0.03631857138199661
4239 0.048751768047843
4240 0.06572917942545059
4241 0.08796020213282679
4242 0.11067360389352929
4243 0.1342360668866809
4244 0.16425204422398482
4245 0.12102984556679378
4246 0.1374560830896561
4247 0.14310328677647985
4248 0.16042498120714152
4249 0.1081252207770455
4250 0.18012707047130116
4251 0.19553637389919332
4252 0.2205656113155127
4253 0.2545162428879747
4254 0.290022885178677
4255 0.30104444951412895
4256 0.31403034629119114
4257 0.3305659151062298
4258 0.28556945073001505
4259 0.2789678343707992
4260 0.27508238701420007
4261 0.2280729806853392
4262 0.17035737477865343
4263 0.15176275918198112
4264 0.14040331530752545
4265 0.11046940707179942
4266 0.10180408954067868
4267 0.10045579753299866
4268 0.09973335527794003
4269 0.09152039626661174
4270 0.09278606914307229
4271 0.09184898408887618
4272 0.09394388787065276
4273 0.08170410359281007
4274 0.08759996669156656
4275 0.08447279377091803
4276 0.08365794179352086
4277 0.07748466976966767
4278 0.07211511567269879
4279 0.07031610500076524
4280 0.07004577135722387
4281 0.08415595868782706
4282 0.09945094762513813
4283 0.1184651320270967
4284 0.1418793512080426
4285 0.2347796861557711
4286 0.25151387714565643
4287 0.26143206775749206
4288 0.26841336544959155
4289 0.25284176680955944
4290 0.1905303590312882
4291 0.18832774029288077
4292 0.18222310113390647
4293 0.10886835672836374
4294 0.0701824821481307
4295 0.07078877230280742
4296 0.07003804572193016
4297 0.05436012437296405
4298 0.09143469608787176
4299 0.10882836249410015
4300 0.12130148953211835
